https://carbon.now.sh/?bg=rgba(255%2C255%2C255%2C1)&t=dracula&wt=none&l=javascript&ds=false&dsyoff=20px&dsblur=68px&wc=true&wa=true&pv=109px&ph=100px&ln=false&fm=Hack&fs=14px&lh=133%25&si=false&es=2x&wm=false&code=%252F%252F%2520How%2520to%2520get%2520Object%2520Length%250A%250Aconst%2520object%2520%253D%2520%257B%250A%2520%2520%2520%2520smile%253A%2520%27%25F0%259F%2598%258A%27%252C%250A%2520%2520%2520%2520heart%253A%2520%27%25E2%259D%25A4%25EF%25B8%258F%27%252C%250A%2520%2520%2520%2520drink%253A%2520%27%25E2%2598%2595%25EF%25B8%258F%27%250A%257D%253B%250A%250A%252F%252F%2520First%2520way%2520-%2520values%2520%255B%27%25F0%259F%2598%258A%27%252C%2520%27%25E2%259D%25A4%25EF%25B8%258F%27%252C%2520%27%25E2%2598%2595%25EF%25B8%258F%27%255D%250AObject.values(object).length%253B%2520%252F%252F%25203%250A%250A%252F%252F%2520Second%2520way%2520-%2520keys%2520%255B%27smile%27%252C%2520%27heart%27%252C%2520%27drink%27%255D%250AObject.values(object).length%253B%2520%252F%252F%25203
1376  Fri 27 Nov 2020  02 05 08 14 16 (08 09) 146,729,731     0
1375  Tue 24 Nov 2020  25 33 38 42 50 (08 12) 128,449,942     0
1374  Fri 20 Nov 2020  28 29 39 48 50 (05 07) 116,103,000     0
1373  Tue 17 Nov 2020  16 19 25 30 44 (02 06)  69,354,137     0
1372  Fri 13 Nov 2020  01 05 17 28 31 (01 10)  60,684,475     0
1371  Tue 10 Nov 2020  03 19 29 32 38 (05 12)  45,088,804     0
1370  Fri  6 Nov 2020  07 12 37 40 50 (01 02)  36,006,084     0
1369  Tue  3 Nov 2020  05 07 18 20 30 (06 07)  23,844,506     0
1368  Fri 30 Oct 2020  12 16 20 21 28 (03 09)  15,301,700     0
1367  Tue 27 Oct 2020  13 15 28 32 44 (03 12)  79,315,198     1
1366  Fri 23 Oct 2020  10 15 19 21 23 (03 12)  70,979,568     0
1365  Tue 20 Oct 2020  05 06 15 37 42 (03 04)  59,778,232     0
1364  Fri 16 Oct 2020  15 33 38 40 50 (03 06)  49,383,832     0
1363  Tue 13 Oct 2020  05 14 38 41 46 (01 10)  36,618,665     0
1362  Fri  9 Oct 2020  11 15 35 41 50 (05 08)  27,489,353     0
1361  Tue  6 Oct 2020  04 21 36 41 47 (09 11)  15,485,300     0
1360  Fri  2 Oct 2020  06 12 15 40 45 (03 09)  27,761,091     1
1359  Tue 29 Sep 2020  04 14 16 41 44 (11 12)  15,531,200     0
1358  Fri 25 Sep 2020  19 23 34 37 45 (01 07) 118,729,000     1
1357  Tue 22 Sep 2020  16 25 28 39 40 (01 06)  71,063,522     0
1356  Fri 18 Sep 2020  02 10 19 25 45 (01 07)  61,732,489     0
1355  Tue 15 Sep 2020  16 20 25 30 38 (06 08)  47,250,235     0
1354  Fri 11 Sep 2020  34 38 42 43 45 (09 12)  37,525,275     0
1353  Tue  8 Sep 2020  02 09 31 35 41 (09 12)  24,534,097     0
1352  Fri  4 Sep 2020  06 22 29 40 43 (04 07)  15,174,200     0
1351  Tue  1 Sep 2020  04 08 10 33 46 (08 11) 139,992,069     1
1350  Fri 28 Aug 2020  07 12 16 17 31 (07 09) 126,895,018     0
1349  Tue 25 Aug 2020  07 18 30 37 39 (08 10) 112,618,069     0
1348  Fri 21 Aug 2020  10 15 35 44 50 (03 05) 100,807,281     0
1347  Tue 18 Aug 2020  06 12 17 34 42 (05 12)  87,266,444     0
1346  Fri 14 Aug 2020  09 10 19 42 49 (04 12)  77,977,112     0
1345  Tue 11 Aug 2020  08 13 14 42 50 (03 09)  66,130,274     0
1344  Fri  7 Aug 2020  05 20 21 36 41 (06 11)  57,863,944     0
1343  Tue  4 Aug 2020  01 02 05 15 42 (05 08)  44,373,299     0
1342  Fri 31 Jul 2020  21 24 30 46 49 (02 05)  35,077,775     0
1341  Tue 28 Jul 2020  09 13 15 17 34 (02 07)  23,795,774     0
1340  Fri 24 Jul 2020  08 09 27 28 50 (04 12)  15,483,600     0
1339  Tue 21 Jul 2020  14 15 24 29 42 (02 04)  44,865,863     1
1338  Fri 17 Jul 2020  07 15 27 41 43 (07 09)  35,838,894     0
1337  Tue 14 Jul 2020  11 22 30 37 47 (09 10)  24,013,488     0
1336  Fri 10 Jul 2020  15 17 23 30 38 (02 07)  15,225,200     0
1335  Tue  7 Jul 2020  12 16 23 33 41 (08 10) 130,059,174     1
1334  Fri  3 Jul 2020  04 16 27 37 39 (03 06) 117,260,000     0
1333  Tue 30 Jun 2020  01 06 11 28 42 (02 10)  56,510,237     0
1332  Fri 26 Jun 2020  01 10 12 21 26 (05 11)  46,859,882     0
1331  Tue 23 Jun 2020  02 12 19 46 49 (01 08)  34,732,623     0
1330  Fri 19 Jun 2020  05 14 19 24 43 (03 11)  26,333,468     0
1329  Tue 16 Jun 2020  04 09 11 17 39 (02 10)  15,245,600     0
1328  Fri 12 Jun 2020  02 24 39 45 46 (04 08)  46,399,553     1
1327  Tue  9 Jun 2020  05 15 27 36 46 (02 08)  34,451,775     0
1326  Fri  5 Jun 2020  05 11 17 24 37 (03 06)  25,999,539     0
1325  Tue  2 Jun 2020  10 12 22 26 49 (07 11)  15,148,700     0
1324  Fri 29 May 2020  04 08 11 19 46 (04 08)  15,294,900     1
1323  Tue 26 May 2020  04 09 14 21 27 (04 06)  16,530,706     2
1322  Fri 22 May 2020  03 18 22 27 32 (02 07)  25,387,006     0
1321  Tue 19 May 2020  05 25 32 37 43 (06 07)  15,170,800     0
1320  Fri 15 May 2020  11 23 32 34 39 (01 06)  65,175,962     1
1319  Tue 12 May 2020  09 16 29 37 39 (04 11)  56,472,701     0
1318  Fri  8 May 2020  08 25 32 33 38 (07 09)  49,837,132     0
1317  Tue  5 May 2020  02 10 22 27 41 (02 03)  42,596,857     0
1316  Fri  1 May 2020  19 20 38 45 47 (02 06)  36,228,690     0
1315  Tue 28 Apr 2020  15 23 26 28 32 (01 05)  28,167,968     0
1314  Fri 24 Apr 2020  01 05 19 21 28 (04 07)  22,310,697     0
1313  Tue 21 Apr 2020  10 11 14 23 28 (06 08)  15,026,300     0
1312  Fri 17 Apr 2020  16 28 32 37 45 (01 11)  58,366,488     1
1311  Tue 14 Apr 2020  06 29 34 35 40 (04 11)  51,538,058     0
1310  Fri 10 Apr 2020  03 10 17 33 39 (01 04)  46,937,085     0
1309  Tue  7 Apr 2020  04 05 14 33 48 (07 12)  40,506,751     0
1308  Fri  3 Apr 2020  16 19 34 46 50 (02 06)  34,546,128     0
1307  Tue 31 Mar 2020  12 17 24 30 36 (01 09)  27,308,650     0
1306  Fri 27 Mar 2020  11 14 27 41 46 (02 03)  22,095,531     0
1305  Tue 24 Mar 2020  07 12 26 30 33 (10 11)  15,621,300     0
1304  Fri 20 Mar 2020  03 09 20 34 40 (06 12)  15,696,100     1
1303  Tue 17 Mar 2020  05 07 08 16 20 (02 12)  57,869,670     1
1302  Fri 13 Mar 2020  03 11 21 27 36 (09 10)  50,321,191     0
1301  Tue 10 Mar 2020  11 23 30 37 43 (05 12)  35,567,254     0
1300  Fri  6 Mar 2020  15 38 43 45 46 (01 11)  26,423,336     0
1299  Tue  3 Mar 2020  04 14 27 44 45 (01 10)  14,841,000     0
1298  Fri 28 Feb 2020  08 11 20 22 23 (03 04)  57,826,962     1
1297  Tue 25 Feb 2020  01 04 18 27 42 (04 06)  43,515,336     0
1296  Fri 21 Feb 2020  07 23 30 32 45 (05 09)  34,421,724     0
1295  Tue 18 Feb 2020  11 32 34 38 47 (02 10)  22,469,712     0
1294  Fri 14 Feb 2020  05 20 35 41 49 (06 10)  14,140,600     0
1293  Tue 11 Feb 2020  24 26 32 43 46 (06 10)  14,342,900     1
1292  Fri  7 Feb 2020  09 15 17 25 40 (03 09) 110,500,000     1
1291  Tue  4 Feb 2020  21 23 33 35 47 (06 07)  34,634,832     0
1290  Fri 31 Jan 2020  13 18 20 23 30 (02 04)  24,336,652     0
1289  Tue 28 Jan 2020  01 19 27 31 38 (04 05)  14,409,200     0
1288  Fri 24 Jan 2020  03 04 06 09 24 (05 08)  24,139,851     1
1287  Tue 21 Jan 2020  10 11 24 36 46 (03 05)  14,463,600     0
1286  Fri 17 Jan 2020  08 19 20 29 44 (03 08)  85,964,733     1
1285  Tue 14 Jan 2020  21 25 29 39 44 (08 09)  78,000,490     0
1284  Fri 10 Jan 2020  06 17 32 44 46 (02 06)  71,717,560     0
1283  Tue  7 Jan 2020  05 08 12 37 43 (06 11)  64,021,946     0
1282  Fri  3 Jan 2020  05 15 20 36 47 (08 12)  55,523,057     0
1281  Tue 31 Dec 2019  26 31 33 41 48 (02 04)  44,717,396     0
1280  Fri 27 Dec 2019  01 07 22 26 35 (05 10)  33,089,326     0
1279  Tue 24 Dec 2019  03 11 13 14 47 (03 06)  23,534,756     0
1278  Fri 20 Dec 2019  08 24 30 32 34 (03 04)  14,484,000     0
1277  Tue 17 Dec 2019  01 07 12 25 49 (06 09)  41,621,418     1
1276  Fri 13 Dec 2019  09 16 18 23 32 (02 10)  32,875,644     0
1275  Tue 10 Dec 2019  02 10 19 21 47 (02 08)  21,715,889     0
1274  Fri  6 Dec 2019  01 03 27 39 46 (01 10)  14,319,100     0
1273  Tue  3 Dec 2019  18 31 32 38 48 (04 12)  40,957,697     1
1272  Fri 29 Nov 2019  03 07 12 42 50 (06 08)  32,747,133     0
1271  Tue 26 Nov 2019  02 03 15 19 34 (05 08)  22,196,254     0
1270  Fri 22 Nov 2019  03 21 32 34 48 (03 11)  14,608,100     0
1269  Tue 19 Nov 2019  08 10 15 30 42 (04 06) 105,100,702     1
1268  Fri 15 Nov 2019  03 13 20 32 34 (04 11)  98,311,223     0
1267  Tue 12 Nov 2019  01 21 23 25 39 (02 04)  89,866,288     0
1266  Fri  8 Nov 2019  08 17 20 23 45 (02 08)  84,012,704     0
1265  Tue  5 Nov 2019  09 14 25 33 48 (02 12)  74,873,475     0
1264  Fri  1 Nov 2019  02 20 39 44 48 (05 07)  69,286,018     0
1263  Tue 29 Oct 2019  16 18 28 42 49 (05 10)  62,293,451     0
1262  Fri 25 Oct 2019  34 37 39 40 50 (04 10)  53,313,310     0
1261  Tue 22 Oct 2019  02 05 32 33 47 (07 08)  41,922,445     0
1260  Fri 18 Oct 2019  08 18 22 41 42 (11 12)  33,536,983     0
1259  Tue 15 Oct 2019  03 28 31 32 34 (04 05)  22,772,993     0
1258  Fri 11 Oct 2019  02 14 19 42 45 (05 06)  14,830,800     0
1257  Tue  8 Oct 2019  07 10 15 44 49 (03 12) 170,221,000     1
1256  Fri  4 Oct 2019  06 09 35 41 44 (06 09) 169,024,000     0
1255  Tue  1 Oct 2019  02 11 18 40 46 (01 04) 168,720,000     0
1254  Fri 27 Sep 2019  24 37 41 43 46 (02 08) 169,005,000     0
1253  Tue 24 Sep 2019  02 33 42 47 48 (01 02) 167,751,000     0
1252  Fri 20 Sep 2019  08 21 25 38 50 (04 08) 167,609,701     0
1251  Tue 17 Sep 2019  22 37 43 44 45 (01 12) 155,282,163     0
1250  Fri 13 Sep 2019  01 12 27 42 47 (06 07) 145,566,007     0
1249  Tue 10 Sep 2019  03 22 25 30 49 (03 06) 134,122,038     0
1248  Fri  6 Sep 2019  10 13 22 40 48 (02 05) 125,665,319     0
1247  Tue  3 Sep 2019  07 11 38 39 44 (07 10) 116,404,085     0
1246  Fri 30 Aug 2019  25 27 45 46 49 (04 06) 107,759,330     0
1245  Tue 27 Aug 2019  08 26 35 43 47 (01 09)  97,958,413     0
1244  Fri 23 Aug 2019  04 17 35 42 45 (02 08)  91,533,020     0
1243  Tue 20 Aug 2019  20 22 23 24 37 (01 04)  83,338,679     0
1242  Fri 16 Aug 2019  09 10 27 37 42 (01 05)  77,208,525     0
1241  Tue 13 Aug 2019  13 29 31 33 40 (02 03)  70,899,768     0
1240  Fri  9 Aug 2019  02 14 35 41 42 (10 11)  65,218,898     0
1239  Tue  6 Aug 2019  12 13 29 36 38 (04 12)  52,917,787     0
1238  Fri  2 Aug 2019  13 22 33 44 50 (02 05)  43,958,121     0
1237  Tue 30 Jul 2019  15 20 23 27 40 (03 06)  33,364,792     0
1236  Fri 26 Jul 2019  02 05 27 37 42 (03 10)  25,032,609     0
1235  Tue 23 Jul 2019  01 14 19 23 38 (03 07)  15,254,100     0
1234  Fri 19 Jul 2019  13 14 17 26 28 (02 07)  96,710,509     1
1233  Tue 16 Jul 2019  03 05 13 18 39 (07 08)  88,185,562     0
1232  Fri 12 Jul 2019  02 31 39 45 47 (04 08)  81,180,289     0
1231  Tue  9 Jul 2019  07 29 32 36 41 (06 07)  73,547,916     0
1230  Fri  5 Jul 2019  02 09 20 34 42 (06 09)  67,458,174     0
1229  Tue  2 Jul 2019  11 19 29 44 45 (08 12)  60,173,279     0
1228  Fri 28 Jun 2019  01 03 16 33 49 (02 11)  51,583,856     0
1227  Tue 25 Jun 2019  06 26 27 34 46 (01 09)  40,597,881     0 
1226  Fri 21 Jun 2019  05 08 09 25 39 (03 07)  32,775,384     0 
1225  Tue 18 Jun 2019  12 24 37 40 44 (03 07)  22,579,505     0 
1224  Fri 14 Jun 2019  01 13 30 31 39 (02 07)  15,152,100     0 
1223  Tue 11 Jun 2019  25 27 39 42 46 (11 12) 123,458,008     1 
1222  Fri  7 Jun 2019  01 04 16 20 34 (02 05) 115,726,000     0 
1221  Tue  4 Jun 2019  09 31 32 39 41 (02 08)  22,504,557     0 
1220  Fri 31 May 2019  01 23 24 26 35 (01 11)  15,034,800     0 
1219  Tue 28 May 2019  07 19 20 28 29 (01 05)  28,837,305     2 
1218  Fri 24 May 2019  05 16 23 30 49 (06 07)  49,736,732     0 
1217  Tue 21 May 2019  32 33 34 39 47 (08 12)  39,211,724     0 
1216  Fri 17 May 2019  16 28 42 43 45 (06 07)  31,674,666     0 
1215  Tue 14 May 2019  10 14 17 25 50 (02 10)  21,687,521     0 
1214  Fri 10 May 2019  01 04 27 45 48 (01 07)  14,694,800     0 
1213  Tue  7 May 2019  07 20 26 32 47 (02 11)  21,438,454     1 
1212  Fri  3 May 2019  02 09 20 27 43 (05 06)  14,467,000     0 
1211  Tue 30 Apr 2019  05 12 20 26 48 (02 11)  21,815,835     1 
1210  Fri 26 Apr 2019  14 33 35 47 50 (09 11)  14,682,900     0 
1209  Tue 23 Apr 2019  18 23 27 42 44 (02 07)  38,254,645     1 
1208  Fri 19 Apr 2019  07 08 32 41 49 (05 11)  31,273,852     0 
1207  Tue 16 Apr 2019  01 08 15 44 49 (02 11)  21,879,091     0 
1206  Fri 12 Apr 2019  01 28 35 36 46 (06 09)  14,701,600     0 
1205  Tue  9 Apr 2019  18 21 29 38 41 (01 11)  68,329,653     1 
1204  Fri  5 Apr 2019  01 07 10 29 45 (03 05)  62,771,731     0 
1203  Tue  2 Apr 2019  02 09 16 26 36 (06 07)  50,833,887     0 
1202  Fri 29 Mar 2019  13 23 26 32 47 (06 10)  43,015,001     0 
1201  Tue 26 Mar 2019  12 19 23 43 47 (02 06)  32,010,911     0 
1200  Fri 22 Mar 2019  04 17 26 30 43 (06 11)  24,580,716     0 
1199  Tue 19 Mar 2019  01 06 09 34 47 (07 12)  14,552,000     0 
1198  Fri 15 Mar 2019  03 15 24 42 46 (09 12)  71,057,439     1 
1197  Tue 12 Mar 2019  05 07 13 19 31 (02 09)  64,356,515     0 
1196  Fri  8 Mar 2019  17 18 19 24 40 (04 08)  55,265,839     0 
1195  Tue  5 Mar 2019  06 10 16 39 46 (08 11)  43,294,160     0 
1194  Fri  1 Mar 2019  06 09 19 26 31 (11 12)  35,148,482     0 
1193  Tue 26 Feb 2019  03 15 29 35 47 (03 04)  22,256,333     0 
1192  Fri 22 Feb 2019  03 27 29 33 50 (03 07)  14,773,000     0 
1191  Tue 19 Feb 2019  01 08 18 19 39 (07 09) 152,400,366     1 
1190  Fri 15 Feb 2019  15 27 34 38 49 (02 10) 144,375,567     0 
1189  Tue 12 Feb 2019  06 34 36 41 50 (01 05) 133,312,302     0 
1188  Fri  8 Feb 2019  11 12 13 39 46 (07 10) 123,991,632     0 
1187  Tue  5 Feb 2019  14 25 31 37 43 (02 03) 113,958,151     0 
1186  Fri  1 Feb 2019  03 21 26 41 46 (01 06) 105,204,000     0 
1185  Tue 29 Jan 2019  14 24 26 32 39 (03 08)  75,051,591     0 
1184  Fri 25 Jan 2019  01 06 13 15 16 (06 10)  68,153,942     0 
1183  Tue 22 Jan 2019  09 23 29 41 49 (08 10)  61,621,961     0 
1182  Fri 18 Jan 2019  05 06 16 30 46 (05 10)  53,285,987     0 
1181  Tue 15 Jan 2019  22 25 29 33 35 (03 06)  42,137,452     0 
1180  Fri 11 Jan 2019  01 19 31 39 48 (01 06)  34,004,534     0 
1179  Tue  8 Jan 2019  03 19 22 31 32 (02 11)  23,253,235     0 
1178  Fri  4 Jan 2019  07 11 19 27 37 (06 10)  15,228,600     0 
1177  Tue  1 Jan 2019  01 08 11 25 28 (04 06) 114,969,776     1 
1176  Fri 28 Dec 2018  13 16 34 35 45 (10 12) 108,543,762     0 
1175  Tue 25 Dec 2018  04 05 08 31 43 (02 09)  99,026,381     0 
1174  Fri 21 Dec 2018  02 12 15 34 50 (03 04)  92,134,454     0 
1173  Tue 18 Dec 2018  01 09 18 39 48 (05 07)  83,057,501     0
1172  Fri 14 Dec 2018  12 29 38 42 44 (02 12)  76,884,342     0 
1171  Tue 11 Dec 2018  04 07 13 23 42 (01 03)  69,712,546     0 
1170  Fri  7 Dec 2018  11 17 26 37 48 (01 10)  63,478,325     0 
1169  Tue  4 Dec 2018  19 20 21 42 45 (08 09)  51,799,990     0 
1168  Fri 30 Nov 2018  03 10 12 23 26 (01 12)  43,374,190     0 
1167  Tue 27 Nov 2018  04 16 17 18 32 (02 11)  32,439,819     0 
1166  Fri 23 Nov 2018  05 08 25 26 30 (03 10)  24,866,684     0 
1165  Tue 20 Nov 2018  06 19 39 45 48 (07 12)  15,130,000     0 
1164  Fri 16 Nov 2018  09 10 13 28 41 (01 12)  44,832,935     0 
1163  Tue 13 Nov 2018  02 07 10 13 42 (03 06)  33,184,923     0 
1162  Fri  9 Nov 2018  14 17 32 37 49 (11 12)  25,702,466     0 
1161  Tue  6 Nov 2018  14 24 36 40 43 (02 09)  14,832,500     0 
1160  Fri  2 Nov 2018  05 15 17 37 44 (07 11)  76,369,807     1 
1159  Tue 30 Oct 2018  17 23 27 43 44 (01 12)  70,193,991     0 
1158  Fri 26 Oct 2018  05 18 21 31 35 (06 09)  64,245,817     0 
1157  Tue 23 Oct 2018  01 02 05 21 32 (02 12)  52,107,396     0 
1156  Fri 19 Oct 2018  01 03 29 47 48 (03 12)  43,581,440     0 
1155  Tue 16 Oct 2018  15 28 37 40 42 (01 06)  32,638,799     0 
1154  Fri 12 Oct 2018  04 09 12 31 43 (05 08)  25,070,150     0 
1153  Tue  9 Oct 2018  03 12 36 44 45 (08 11)  14,873,300     0 
1152  Fri  5 Oct 2018  08 16 24 26 35 (03 11)  14,948,100     1 
1151  Tue  2 Oct 2018  07 17 29 37 45 (03 11) 144,603,632     1 
1150  Fri 28 Sep 2018  02 04 08 27 50 (02 09) 135,382,686     0 
1149  Tue 25 Sep 2018  06 15 20 30 38 (04 07) 124,411,811     0 
1148  Fri 21 Sep 2018  05 07 21 25 37 (03 04) 116,870,000     0 
1147  Tue 18 Sep 2018  03 08 10 32 45 (04 12)  40,651,934     0 
1146  Fri 14 Sep 2018  01 03 33 40 45 (03 04)  32,776,219     0 
1145  Tue 11 Sep 2018  09 18 32 38 46 (02 03)  22,382,447     0 
1144  Fri  7 Sep 2018  04 23 27 31 50 (01 08)  15,216,700     0 
1143  Tue  4 Sep 2018  05 14 28 30 47 (04 11)  40,979,973     1 
1142  Fri 31 Aug 2018  04 30 31 38 42 (04 06)  32,721,629     0 
1141  Tue 28 Aug 2018  04 16 32 42 46 (08 12)  22,758,649     0 
1140  Fri 24 Aug 2018  03 14 31 36 50 (01 12)  15,393,500     0 
1139  Tue 21 Aug 2018  16 23 42 43 49 (10 12)  96,785,706     1 
1138  Fri 17 Aug 2018  02 15 18 24 43 (08 12)  89,766,677     0 
1137  Tue 14 Aug 2018  01 15 18 25 31 (09 11)  81,090,231     0 
1136  Fri 10 Aug 2018  18 20 36 43 44 (03 09)  75,029,181     0 
1135  Tue  7 Aug 2018  16 28 29 30 36 (08 10)  67,719,962     0 
1134  Fri  3 Aug 2018  07 26 36 38 43 (06 12)  61,780,382     0 
1133  Tue 31 Jul 2018  20 25 34 42 45 (06 11)  50,637,585     0 
1132  Fri 27 Jul 2018  11 17 22 23 41 (06 11)  42,386,533     0 
1131  Tue 24 Jul 2018  02 04 23 39 40 (03 09)  32,023,423     0 
1130  Fri 20 Jul 2018  02 15 40 43 46 (03 06)  24,941,396     0 
1129  Tue 17 Jul 2018  04 06 27 48 50 (01 11)  15,126,600     0 
1128  Fri 13 Jul 2018  01 04 14 21 49 (02 12)  15,021,200     1 
1127  Tue 10 Jul 2018  03 08 26 33 45 (07 10)  57,975,368     1 
1126  Fri  6 Jul 2018  08 30 33 38 48 (02 10)  49,801,491     0 
1125  Tue  3 Jul 2018  01 12 15 29 48 (03 05)  39,091,736     0 
1124  Fri 29 Jun 2018  15 21 23 40 48 (03 12)  31,647,298     0 
1123  Tue 26 Jun 2018  15 16 20 34 50 (04 07)  21,730,843     0 
1122  Fri 22 Jun 2018  14 25 39 41 44 (02 08)  14,960,000     0 
1121  Tue 19 Jun 2018  07 19 26 42 50 (04 09)  31,809,040     1 
1120  Fri 15 Jun 2018  23 26 33 38 49 (01 12)  24,560,828     0 
1119  Tue 12 Jun 2018  07 21 23 36 38 (06 08)  14,954,900     0 
1118  Fri  8 Jun 2018  08 19 32 43 46 (02 08)  14,931,100     1 
1117  Tue  5 Jun 2018  09 15 22 39 46 (04 05)  14,886,900     1 
1116  Fri  1 Jun 2018  17 18 24 29 40 (04 05)  34,972,315     2 
1115  Tue 29 May 2018  06 11 20 38 43 (02 04)  57,637,756     0 
1114  Fri 25 May 2018  13 15 16 28 41 (04 05)  50,089,464     0 
1113  Tue 22 May 2018  01 11 37 41 48 (08 12)  39,384,424     0 
1112  Fri 18 May 2018  05 08 10 13 31 (03 06)  32,040,070     0 
1111  Tue 15 May 2018  04 16 20 31 39 (02 12)  22,065,747     0 
All lotteries below have exceeded the 180 days expiry date
No.       Date           Winning Numbers       Jackpot     Wins
1110  Fri 11 May 2018  03 22 34 49 50 (08 11)  15,004,200     0 
1109  Tue  8 May 2018  17 25 35 39 44 (02 05)  39,948,586     1 
1108  Fri  4 May 2018  06 12 23 39 45 (09 12)  32,659,632     0 
1107  Tue  1 May 2018  06 15 17 42 48 (04 06)  21,805,469     0 
1106  Fri 27 Apr 2018  12 24 40 41 46 (05 12)  14,958,300     0 
1105  Tue 24 Apr 2018  20 23 28 30 44 (03 07) 121,328,187     1 
1104  Fri 20 Apr 2018  03 16 25 39 44 (07 11) 114,010,000     0 
1103  Tue 17 Apr 2018  15 27 33 39 50 (04 06)  22,289,222     0 
1102  Fri 13 Apr 2018  05 25 34 48 50 (06 07)  14,740,700     0 
1101  Tue 10 Apr 2018  14 27 39 46 48 (11 12)  14,829,100     1 
1100  Fri  6 Apr 2018  01 29 33 45 47 (04 08)  66,429,609     1 
1099  Tue  3 Apr 2018  03 08 16 40 43 (05 08)  59,156,133     0 
1098  Fri 30 Mar 2018  12 17 28 35 47 (07 11)  51,598,288     0 
1097  Tue 27 Mar 2018  17 20 23 40 46 (09 10)  40,629,122     0 
1096  Fri 23 Mar 2018  05 07 11 46 50 (08 11)  32,771,739     0 
1095  Tue 20 Mar 2018  26 29 37 39 44 (09 11)  22,265,427     0 
1094  Fri 16 Mar 2018  04 17 24 27 31 (10 11)  14,992,300     0 
1093  Tue 13 Mar 2018  09 11 13 33 49 (06 12)  54,643,467     1 
1092  Fri  9 Mar 2018  09 14 21 32 44 (01 12)  45,846,428     0 
1091  Tue  6 Mar 2018  15 20 26 31 44 (02 09)  34,392,263     0 
1090  Fri  2 Mar 2018  02 07 34 45 48 (01 12)  26,096,672     0 
1089  Tue 27 Feb 2018  03 31 41 48 50 (08 11)  14,956,600     0 
1088  Fri 23 Feb 2018  10 17 18 28 47 (03 07)  77,798,898     2 
1087  Tue 20 Feb 2018  06 14 19 25 29 (05 11) 142,157,622     0 
1086  Fri 16 Feb 2018  10 12 23 32 50 (04 10) 133,365,227     0 
1085  Tue 13 Feb 2018  10 13 17 21 44 (01 10) 123,305,866     0 
1084  Fri  9 Feb 2018  22 31 36 38 44 (01 11) 114,539,544     0 
1083  Tue  6 Feb 2018  08 17 28 34 38 (06 12) 104,423,108     0 
1082  Fri  2 Feb 2018  14 34 36 39 48 (02 03)  95,972,671     0 
1081  Tue 30 Jan 2018  11 15 21 27 35 (04 05)  86,173,606     0 
1080  Fri 26 Jan 2018  06 15 24 28 48 (04 09)  79,917,041     0 
1079  Tue 23 Jan 2018  05 08 09 23 24 (07 08)  71,872,851     0 
1078  Fri 19 Jan 2018  03 08 17 44 50 (02 07)  66,212,715     0 
1077  Tue 16 Jan 2018  20 23 31 34 46 (03 12)  54,434,216     0 
1076  Fri 12 Jan 2018  13 21 23 30 45 (04 06)  45,394,452     0 
1075  Tue  9 Jan 2018  06 12 15 38 49 (02 09)  33,484,288     0 
1074  Fri  5 Jan 2018  02 05 20 38 41 (04 08)  25,687,589     0 
1073  Tue  2 Jan 2018  10 20 21 28 48 (01 08)  15,084,100     0 
1072  Fri 29 Dec 2017  04 08 22 23 48 (01 12)  34,588,069     1 
1071  Tue 26 Dec 2017  04 17 30 43 44 (02 10)  21,951,423     0 
1070  Fri 22 Dec 2017  05 24 30 31 43 (03 06)  15,089,200     0 
1069  Tue 19 Dec 2017  08 15 30 38 46 (04 07) 119,876,081     1 
1068  Fri 15 Dec 2017  25 30 31 42 50 (02 11) 111,674,784     0 
1067  Tue 12 Dec 2017  20 37 39 44 50 (04 08) 101,938,670     0 
1066  Fri  8 Dec 2017  04 22 30 32 34 (03 04)  94,304,641     0 
1065  Tue  5 Dec 2017  11 36 43 44 48 (02 07)  85,788,778     0 
1064  Fri  1 Dec 2017  05 24 29 35 46 (11 12)  79,577,293     0 
1063  Tue 28 Nov 2017  01 06 12 18 42 (02 07)  71,866,782     0 
1062  Fri 24 Nov 2017  19 24 28 30 50 (03 10)  66,743,323     0 
1061  Tue 21 Nov 2017  02 10 14 28 31 (05 07)  54,215,274     0 
1060  Fri 17 Nov 2017  20 26 35 36 42 (05 12)  46,135,062     0 
1059  Tue 14 Nov 2017  14 16 39 40 41 (08 10)  34,502,478     0 
1058  Fri 10 Nov 2017  13 22 29 36 37 (01 09)  26,361,644     0 
1057  Tue  7 Nov 2017  07 19 20 37 41 (02 12)  14,970,200     0 
1056  Fri  3 Nov 2017  05 12 17 33 41 (04 09)  25,476,778     1 
1055  Tue 31 Oct 2017  01 12 36 43 46 (03 05)  14,919,200     0 
1054  Fri 27 Oct 2017  03 16 23 32 39 (01 04)  15,011,000     1 
1053  Tue 24 Oct 2017  09 11 13 27 33 (07 10)  58,670,142     1 
1052  Fri 20 Oct 2017  04 17 23 27 30 (03 08)  49,712,130     0 
1051  Tue 17 Oct 2017  13 17 19 26 36 (02 03)  37,871,775     0 
1050  Fri 13 Oct 2017  23 29 37 45 50 (05 11)  29,491,384     0 
1049  Tue 10 Oct 2017  04 21 34 36 37 (03 06)  15,209,900     0 
1048  Fri  6 Oct 2017  01 09 15 19 25 (01 07) 170,810,000     1 
1047  Tue  3 Oct 2017  06 24 32 48 50 (01 05) 168,701,000     0 
1046  Fri 29 Sep 2017  07 18 19 32 48 (03 07) 157,898,325     0 
1045  Tue 26 Sep 2017  01 29 40 41 48 (06 12) 143,626,132     0 
1044  Fri 22 Sep 2017  06 11 31 39 42 (01 03) 134,911,784     0 
1043  Tue 19 Sep 2017  01 08 21 30 45 (02 03) 123,904,174     0 
1042  Fri 15 Sep 2017  13 18 37 44 49 (09 12) 114,504,000     0 
1041  Tue 12 Sep 2017  10 17 27 29 35 (04 11)  33,717,075     0 
1040  Fri  8 Sep 2017  09 24 42 47 49 (01 05)  25,993,675     0 
1039  Tue  5 Sep 2017  06 09 18 28 29 (01 09)  15,560,100     0 
1038  Fri  1 Sep 2017  03 07 08 14 49 (05 08)  25,914,013     1 
1037  Tue 29 Aug 2017  04 12 15 32 38 (01 05)  15,767,500     0 
1036  Fri 25 Aug 2017  01 05 07 15 47 (09 12)  15,735,200     1 
1035  Tue 22 Aug 2017  03 10 12 17 27 (03 05)  40,510,685     1 
1034  Fri 18 Aug 2017  02 24 39 42 45 (02 08)  32,520,149     0 
1033  Tue 15 Aug 2017  10 14 30 35 46 (04 10)  22,117,219     0 
1032  Fri 11 Aug 2017  18 28 39 46 48 (05 12)  15,449,600     0 
1031  Tue  8 Aug 2017  15 25 26 40 41 (04 05)  33,089,644     1 
1030  Fri  4 Aug 2017  29 30 36 40 41 (02 09)  25,529,274     0 
1029  Tue  1 Aug 2017  14 21 24 29 30 (08 10)  15,208,200     0 
1028  Fri 28 Jul 2017  05 09 29 31 41 (02 04)  51,702,050     1 
1027  Tue 25 Jul 2017  12 14 43 44 48 (02 11)  40,445,365     0 
1026  Fri 21 Jul 2017  01 08 09 26 49 (05 09)  32,874,047     0 
1025  Tue 18 Jul 2017  01 25 27 41 45 (05 07)  22,265,567     0 
1024  Fri 14 Jul 2017  11 14 20 21 47 (07 10)  14,900,500     0 
1023  Tue 11 Jul 2017  14 22 26 42 50 (08 10)  15,189,500     1 
1022  Fri  7 Jul 2017  11 20 35 37 45 (03 06)  25,663,715     1 
1021  Tue  4 Jul 2017  10 22 25 37 49 (05 08)  14,943,000     0 
1020  Fri 30 Jun 2017  17 35 39 47 50 (06 08)  87,570,000     1 
1019  Tue 27 Jun 2017  09 17 21 28 45 (01 03)  70,127,201     0 
1018  Fri 23 Jun 2017  03 04 21 31 38 (03 07)  64,082,100     0 
1017  Tue 20 Jun 2017  11 18 26 43 44 (08 10)  52,594,374     0 
1016  Fri 16 Jun 2017  15 17 38 41 42 (09 12)  44,150,291     0 
1015  Tue 13 Jun 2017  03 12 22 27 49 (04 11)  33,506,785     0 
1014  Fri  9 Jun 2017  09 20 27 39 43 (10 11)  25,684,767     0 
1013  Tue  6 Jun 2017  20 22 25 37 40 (03 07)  14,866,500     0 
1012  Fri  2 Jun 2017  08 10 24 33 42 (03 09) 134,808,762     1 
1011  Tue 30 May 2017  07 12 27 38 48 (06 09) 121,851,562     0 
1010  Fri 26 May 2017  05 07 26 36 39 (02 10) 113,475,960     0 
1009  Tue 23 May 2017  08 15 25 27 42 (01 04) 102,101,430     0 
1008  Fri 19 May 2017  09 11 12 19 30 (04 09)  93,927,013     0 
1007  Tue 16 May 2017  08 11 15 20 30 (03 08)  84,319,251     0 
1006  Fri 12 May 2017  02 20 28 29 44 (03 09)  76,813,393     0 
1005  Tue  9 May 2017  08 12 16 22 26 (06 07)  68,249,429     0 
1004  Fri  5 May 2017  03 07 30 35 43 (01 03)  63,162,406     0 
1003  Tue  2 May 2017  06 19 23 25 27 (11 12)  55,848,627     0 
1002  Fri 28 Apr 2017  14 20 25 30 39 (02 08)  48,309,589     0 
1001  Tue 25 Apr 2017  09 11 19 32 43 (03 09)  38,059,267     0 
1000  Fri 21 Apr 2017  02 13 16 22 49 (04 05)  30,153,753     0 
999  Tue 18 Apr 2017  17 22 31 38 45 (05 12)  20,624,201     0 
998  Fri 14 Apr 2017  04 14 20 23 33 (06 10)  14,422,800     0 
997  Tue 11 Apr 2017  05 21 22 31 49 (02 08)  70,887,897     1 
996  Fri  7 Apr 2017  02 10 19 35 50 (06 07)  65,668,144     0 
995  Tue  4 Apr 2017  01 09 24 33 34 (02 06)  58,513,592     0 
994  Fri 31 Mar 2017  17 24 26 28 45 (04 12)  49,849,009     0 
993  Tue 28 Mar 2017  09 13 31 33 46 (06 10)  39,630,350     0 
992  Fri 24 Mar 2017  02 17 21 27 34 (05 09)  31,918,888     0 
991  Tue 21 Mar 2017  01 20 23 44 47 (04 11)  21,818,290     0 
990  Fri 17 Mar 2017  06 10 19 29 36 (03 09)  14,742,400     0 
989  Tue 14 Mar 2017  03 05 21 36 44 (03 06)  70,386,999     1 
988  Fri 10 Mar 2017  31 36 38 47 49 (08 11)  64,931,865     0 
987  Tue  7 Mar 2017  06 37 41 48 50 (04 05)  51,910,688     0 
986  Fri  3 Mar 2017  02 11 29 30 47 (01 12)  43,311,596     0 
985  Tue 28 Feb 2017  10 20 31 35 42 (02 12)  31,923,442     0 
984  Fri 24 Feb 2017  02 04 13 22 43 (08 09)  24,449,171     0 
983  Tue 21 Feb 2017  13 19 41 45 49 (03 04)  14,383,700     0 
982  Fri 17 Feb 2017  19 25 33 36 48 (02 09)  14,509,500     1 
981  Tue 14 Feb 2017  02 10 24 40 44 (03 10)  19,987,961     2 
980  Fri 10 Feb 2017  07 21 26 35 43 (02 09)  32,204,121     0 
979  Tue  7 Feb 2017  04 10 31 38 44 (08 10)  21,809,971     0 
978  Fri  3 Feb 2017  03 04 15 46 50 (05 09)  14,686,300     0 
977  Tue 31 Jan 2017  03 04 17 23 44 (06 09)  22,233,944     1 
976  Fri 27 Jan 2017  17 20 28 45 48 (05 09)  14,495,900     0 
975  Tue 24 Jan 2017  01 05 07 17 23 (03 08)  76,052,175     1 
974  Fri 20 Jan 2017  10 17 27 31 49 (03 05)  70,419,453     0 
973  Tue 17 Jan 2017  04 16 25 43 47 (02 10)  62,366,698     0 
972  Fri 13 Jan 2017  03 07 16 26 50 (04 07)  53,936,316     0 
971  Tue 10 Jan 2017  02 11 29 35 44 (04 09)  40,259,650     0 
970  Fri  6 Jan 2017  10 14 18 21 49 (09 11)  31,898,943     0 
969  Tue  3 Jan 2017  19 23 27 34 49 (01 11)  21,591,336     0 
968  Fri 30 Dec 2016  08 10 22 29 47 (01 03)  14,538,400     0 
967  Tue 27 Dec 2016  03 22 25 32 39 (07 12)  21,534,783     1 
966  Fri 23 Dec 2016  04 16 20 39 46 (02 05)  14,487,400     0 
965  Tue 20 Dec 2016  13 15 17 21 27 (02 03)  51,875,129     1 
964  Fri 16 Dec 2016  06 10 30 41 45 (04 11)  43,003,166     0 
963  Tue 13 Dec 2016  14 28 29 48 50 (02 08)  32,050,401     0 
962  Fri  9 Dec 2016  06 12 28 37 40 (01 05)  24,450,957     0 
961  Tue  6 Dec 2016  01 07 11 27 45 (04 09)  14,392,200     0 
960  Fri  2 Dec 2016  06 11 23 31 32 (02 12)  24,662,130     1 
959  Tue 29 Nov 2016  21 26 27 28 38 (09 11)  14,494,200     0 
958  Fri 25 Nov 2016  05 11 17 23 28 (10 11)  26,009,712     2 
957  Tue 22 Nov 2016  05 10 33 34 47 (02 10)  40,546,633     0 
956  Fri 18 Nov 2016  03 12 27 32 47 (06 08)  32,720,430     0 
955  Tue 15 Nov 2016  07 15 36 42 48 (03 07)  22,092,234     0 
954  Fri 11 Nov 2016  03 22 23 38 49 (02 09)  14,648,900     0 
953  Tue  8 Nov 2016  05 09 47 49 50 (08 09)  35,072,281     1 
952  Fri  4 Nov 2016  07 11 12 44 48 (03 07)  26,830,014     0 
951  Tue  1 Nov 2016  06 10 20 29 37 (01 09)  15,362,900     0 
950  Fri 28 Oct 2016  10 16 19 23 43 (02 08)  15,667,698     1 
949  Tue 25 Oct 2016  03 15 20 21 28 (01 05)  44,777,159     1 
948  Fri 21 Oct 2016  09 20 23 44 48 (08 10)  35,497,880     0 
947  Tue 18 Oct 2016  02 17 21 25 27 (06 09)  23,638,239     0 
946  Fri 14 Oct 2016  07 13 19 31 34 (01 11)  15,330,600     0 
945  Tue 11 Oct 2016  05 12 20 24 37 (04 11) 153,361,048     1 
944  Fri  7 Oct 2016  02 12 20 27 30 (09 11) 140,104,641     0 
943  Tue  4 Oct 2016  04 07 14 34 38 (04 11) 124,041,722     0 
942  Fri 30 Sep 2016  17 35 37 43 44 (02 10) 112,697,000     0 
941  Tue 27 Sep 2016  06 09 13 39 41 (02 12)  14,671,000     0 
940  Fri 23 Sep 2016  14 16 39 42 49 (03 09)  20,683,054     1 
939  Tue 20 Sep 2016  01 04 10 41 45 (06 09)  12,900,000     0 
938  Fri 16 Sep 2016  05 08 14 22 32 (02 11)  34,037,587     1 
937  Tue 13 Sep 2016  04 07 16 35 44 (01 03)  25,859,082     0 
936  Fri  9 Sep 2016  04 11 15 17 28 (01 03)  20,243,965     0 
935  Tue  6 Sep 2016  12 24 30 34 45 (07 10)  12,579,000     0 
934  Fri  2 Sep 2016  08 16 32 40 50 (02 11)   6,567,504     5 
933  Tue 30 Aug 2016  13 16 29 35 42 (06 08)  25,605,853     0 
932  Fri 26 Aug 2016  01 09 28 30 48 (07 08)  20,257,321     0 
931  Tue 23 Aug 2016  02 23 31 37 45 (04 08)  12,870,000     0 
930  Fri 19 Aug 2016  05 06 22 25 34 (05 07)  47,566,032     1 
929  Tue 16 Aug 2016  02 26 34 37 46 (04 08)  39,327,773     0 
928  Fri 12 Aug 2016  02 15 28 36 50 (02 11)  33,820,376     0 
927  Tue  9 Aug 2016  12 19 43 44 45 (05 10)  25,724,734     0 
926  Fri  5 Aug 2016  16 19 24 35 37 (02 07)  20,140,295     0 
925  Tue  2 Aug 2016  02 08 27 38 46 (02 06)  12,612,000     0 
924  Fri 29 Jul 2016  01 21 26 40 50 (02 04)  61,102,443     1 
923  Tue 26 Jul 2016  03 10 13 45 49 (02 11)  51,731,973     0 
922  Fri 22 Jul 2016  07 24 26 37 45 (05 09)  45,790,415     0 
921  Tue 19 Jul 2016  19 24 28 36 37 (03 06)  38,223,590     0 
920  Fri 15 Jul 2016  02 11 13 14 21 (01 08)  32,611,251     0 
919  Tue 12 Jul 2016  03 07 26 33 41 (02 10)  25,081,394     0 
918  Fri  8 Jul 2016  08 12 18 33 44 (04 08)  20,261,530     0 
917  Tue  5 Jul 2016  01 10 29 38 48 (03 04)  12,760,500     0 
916  Fri  1 Jul 2016  02 11 13 40 50 (01 10)  20,022,696     1 
915  Tue 28 Jun 2016  26 32 37 43 49 (04 05)  12,448,500     0 
914  Fri 24 Jun 2016  11 19 27 28 39 (03 10)  32,395,415     1 
913  Tue 21 Jun 2016  05 17 32 35 49 (01 05)  23,371,931     0 
912  Fri 17 Jun 2016  01 07 18 27 43 (04 08)  18,818,757     0 
911  Tue 14 Jun 2016  13 34 39 42 50 (09 11)  11,928,000     0 
910  Fri 10 Jun 2016  14 21 35 42 43 (07 09)  67,227,348     1 
909  Tue  7 Jun 2016  19 26 35 45 49 (02 05)  57,100,579     0 
908  Fri  3 Jun 2016  07 23 31 33 39 (06 10)  50,611,162     0 
907  Tue 31 May 2016  06 12 26 30 48 (06 07)  41,708,725     0 
906  Fri 27 May 2016  13 25 27 43 46 (04 08)  35,790,545     0 
905  Tue 24 May 2016  16 17 23 34 37 (06 09)  28,279,072     0 
904  Fri 20 May 2016  09 14 30 41 45 (04 09)  23,593,583     0 
903  Tue 17 May 2016  15 27 32 36 39 (03 10)  16,625,472     0 
902  Fri 13 May 2016  07 15 28 31 42 (10 11)  11,811,000     0 
901  Tue 10 May 2016  02 26 27 40 49 (05 10)  57,525,794     1 
900  Fri  6 May 2016  32 34 40 45 48 (01 10)  51,342,488     0 
899  Tue  3 May 2016  08 23 24 34 38 (03 07)  43,360,228     0 
898  Fri 29 Apr 2016  04 05 25 28 43 (06 11)  37,275,721     0 
897  Tue 26 Apr 2016  10 17 31 32 42 (02 05)  28,958,268     0 
896  Fri 22 Apr 2016  17 26 32 34 43 (02 10)  23,868,937     0 
895  Tue 19 Apr 2016  11 14 15 27 44 (02 07)  16,895,105     0 
894  Fri 15 Apr 2016  13 14 32 37 48 (01 07)  11,932,500     0 
893  Tue 12 Apr 2016  01 05 09 22 38 (02 10)  51,818,874     1 
892  Fri  8 Apr 2016  06 08 26 43 49 (06 10)  46,258,071     0 
891  Tue  5 Apr 2016  03 05 09 19 40 (02 05)  37,762,659     0 
890  Fri  1 Apr 2016  02 16 23 25 49 (06 09)  31,942,807     0 
889  Tue 29 Mar 2016  01 04 19 25 36 (03 11)  23,722,612     0 
888  Fri 25 Mar 2016  12 19 36 42 43 (05 08)  18,978,724     0 
887  Tue 22 Mar 2016  12 15 26 42 49 (05 08)  11,845,500     0 
886  Fri 18 Mar 2016  14 19 21 24 49 (05 11)  46,514,105     1 
885  Tue 15 Mar 2016  05 07 10 34 44 (02 10)  38,751,467     0 
884  Fri 11 Mar 2016  01 21 26 40 43 (06 09)  32,729,736     0 
883  Tue  8 Mar 2016  01 08 09 14 23 (01 07)  24,864,878     0 
882  Fri  4 Mar 2016  09 14 16 23 40 (01 05)  19,432,742     0 
881  Tue  1 Mar 2016  04 07 13 28 37 (10 11)  11,698,500     0 
880  Fri 26 Feb 2016  05 13 15 33 50 (09 11)  11,842,500     1 
879  Tue 23 Feb 2016  23 25 32 37 42 (01 11)  24,605,103     1 
878  Fri 19 Feb 2016  13 14 30 32 39 (03 09)  19,006,842     0 
877  Tue 16 Feb 2016  03 10 22 37 50 (06 10)  11,700,000     0 
876  Fri 12 Feb 2016  03 20 28 31 49 (02 05)  24,769,932     1 
875  Tue  9 Feb 2016  06 09 13 28 37 (04 05)  17,090,950     0 
874  Fri  5 Feb 2016  03 27 32 41 46 (04 08)  11,541,000     0 
873  Tue  2 Feb 2016  06 09 10 21 36 (02 06)  11,373,000     1 
872  Fri 29 Jan 2016  01 05 23 29 32 (01 07)  50,382,546     2 
871  Tue 26 Jan 2016  15 24 38 40 48 (02 09)  87,892,394     0 
870  Fri 22 Jan 2016  10 12 27 30 47 (08 09)  79,365,304     0 
869  Tue 19 Jan 2016  02 30 38 43 46 (02 07)  70,146,761     0 
868  Fri 15 Jan 2016  10 19 38 43 46 (01 11)  62,768,100     0 
867  Tue 12 Jan 2016  01 02 10 30 44 (01 08)  52,409,215     0 
866  Fri  8 Jan 2016  05 26 33 35 40 (03 08)  46,235,544     0 
865  Tue  5 Jan 2016  06 10 31 36 39 (06 10)  36,601,816     0 
864  Fri  1 Jan 2016  04 37 38 39 44 (04 07)  31,339,370     0 
863  Tue 29 Dec 2015  05 20 31 32 36 (06 07)  23,871,796     0 
862  Fri 25 Dec 2015  03 10 25 27 40 (03 09)  18,422,340     0 
861  Tue 22 Dec 2015  18 19 20 40 41 (07 10)  11,112,000     0 
860  Fri 18 Dec 2015  06 22 26 29 48 (05 06)  60,657,149     1 
859  Tue 15 Dec 2015  08 11 23 27 35 (04 11)  51,599,368     0 
858  Fri 11 Dec 2015  03 05 21 40 43 (06 11)  45,271,012     0 
857  Tue  8 Dec 2015  12 17 29 38 48 (09 11)  37,358,158     0 
856  Fri  4 Dec 2015  08 17 18 27 39 (01 07)  31,893,763     0 
855  Tue  1 Dec 2015  02 15 25 35 45 (08 10)  23,663,957     0 
854  Fri 27 Nov 2015  16 29 30 37 50 (06 08)  18,467,154     0 
853  Tue 24 Nov 2015  09 14 16 17 26 (10 11)  10,599,000     0 
852  Fri 20 Nov 2015  04 30 34 46 49 (07 08) 114,814,234     1 
851  Tue 17 Nov 2015  06 07 23 37 38 (10 11) 101,384,894     0 
850  Fri 13 Nov 2015  10 17 18 33 40 (02 08)  92,419,190     0 
849  Tue 10 Nov 2015  06 13 18 39 43 (02 08)  79,495,676     0 
848  Fri  6 Nov 2015  03 17 26 38 40 (04 10)  71,380,000     0 
847  Tue  3 Nov 2015  08 27 39 46 49 (02 06)  39,134,284     0 
846  Fri 30 Oct 2015  08 13 17 21 34 (06 07)  33,935,721     0 
845  Tue 27 Oct 2015  11 12 20 25 36 (06 09)  26,892,567     0 
844  Fri 23 Oct 2015  07 25 30 32 39 (02 08)  22,011,013     0 
843  Tue 20 Oct 2015  17 19 21 30 45 (08 10)  15,634,628     0 
842  Fri 16 Oct 2015  07 28 29 43 48 (03 10)  11,035,500     0 
841  Tue 13 Oct 2015  12 15 26 29 47 (03 11)  11,517,654     2 
840  Fri  9 Oct 2015  01 40 42 43 47 (09 11)  18,085,197     0 
839  Tue  6 Oct 2015  11 20 22 29 32 (01 08)  11,101,500     0 
838  Fri  2 Oct 2015  07 18 21 32 35 (02 11)  11,065,500     1 
837  Tue 29 Sep 2015  11 14 26 29 49 (03 09)  11,152,500     1 
836  Fri 25 Sep 2015  13 14 23 30 37 (02 08)  35,170,064     1 
835  Tue 22 Sep 2015  14 23 26 27 29 (07 10)  27,140,220     0 
834  Fri 18 Sep 2015  07 29 33 34 39 (07 08)  22,450,618     0 
833  Tue 15 Sep 2015  08 15 17 44 49 (05 08)  15,723,801     0 
832  Fri 11 Sep 2015  10 18 19 29 50 (01 09)  11,032,500     0 
831  Tue  8 Sep 2015  14 16 39 40 42 (01 04)  22,464,583     1 
830  Fri  4 Sep 2015  08 09 27 45 50 (08 10)  17,883,898     0 
829  Tue  1 Sep 2015  06 19 21 27 45 (01 08)  11,077,500     0 
828  Fri 28 Aug 2015  11 29 30 31 34 (04 07)  10,908,000     1 
827  Tue 25 Aug 2015  27 31 33 42 50 (02 05)  22,297,655     1 
826  Fri 21 Aug 2015  04 16 18 43 47 (06 10)  17,370,968     0 
825  Tue 18 Aug 2015  07 10 11 12 19 (02 09)  10,582,500     0 
824  Fri 14 Aug 2015  04 07 39 44 45 (03 05)  28,595,278     1 
823  Tue 11 Aug 2015  02 03 08 15 16 (04 11)  21,748,476     0 
822  Fri  7 Aug 2015  01 05 21 39 44 (04 11)  17,058,370     0 
821  Tue  4 Aug 2015  10 15 39 45 50 (09 10)  10,500,000     0 
820  Fri 31 Jul 2015  16 21 34 40 50 (06 09)  17,564,689     1 
819  Tue 28 Jul 2015  23 32 36 43 49 (07 08)  10,639,500     0 
818  Fri 24 Jul 2015  02 09 21 35 46 (02 11)  28,675,998     1 
817  Tue 21 Jul 2015  14 20 27 29 44 (07 10)  21,651,101     0 
816  Fri 17 Jul 2015  01 21 22 43 48 (07 09)  16,844,082     0 
815  Tue 14 Jul 2015  06 18 19 34 36 (01 08)  10,572,000     0 
814  Fri 10 Jul 2015  05 08 15 35 41 (04 05)  29,461,344     1 
813  Tue  7 Jul 2015  06 07 18 33 41 (03 10)  22,161,317     0 
812  Fri  3 Jul 2015  11 12 15 18 44 (03 09)  17,408,173     0 
811  Tue 30 Jun 2015  11 15 28 34 37 (01 08)  10,653,000     0 
810  Fri 26 Jun 2015  03 06 10 19 24 (05 07)  17,954,602     1 
809  Tue 23 Jun 2015  04 16 22 38 49 (06 09)  10,669,500     0 
808  Fri 19 Jun 2015  07 14 20 31 42 (03 09)  17,776,969     1 
807  Tue 16 Jun 2015  10 15 16 36 37 (03 09)  10,785,000     0 
806  Fri 12 Jun 2015  05 08 10 11 37 (07 09)  93,388,944     1 
805  Tue  9 Jun 2015  05 09 17 32 34 (06 08)  82,265,988     0 
804  Fri  5 Jun 2015  02 07 08 45 48 (01 09)  72,850,000     0 
803  Tue  2 Jun 2015  07 23 29 37 41 (01 08)  15,874,102     0 
802  Fri 29 May 2015  03 04 20 45 48 (06 08)  10,791,000     0 
801  Tue 26 May 2015  05 06 07 21 24 (05 06)  26,656,367     1 
800  Fri 22 May 2015  18 24 35 44 45 (05 11)  22,169,936     0 
799  Tue 19 May 2015  26 30 31 35 37 (08 11)  15,476,457     0 
798  Fri 15 May 2015  05 35 42 44 47 (08 09)  10,932,000     0 
797  Tue 12 May 2015  14 29 30 40 46 (03 06)  34,276,743     1 
796  Fri  8 May 2015  07 14 19 47 49 (03 10)  29,532,380     0 
795  Tue  5 May 2015  01 10 17 20 42 (08 09)  22,723,433     0 
794  Fri  1 May 2015  03 19 20 25 26 (06 10)  17,749,913     0 
793  Tue 28 Apr 2015  24 26 28 36 45 (07 10)  10,741,500     0 
792  Fri 24 Apr 2015  05 19 29 31 40 (03 10)  36,298,267     1 
791  Tue 21 Apr 2015  06 14 17 42 45 (01 08)  28,100,414     0 
790  Fri 17 Apr 2015  02 24 30 34 39 (08 11)  22,844,230     0 
789  Tue 14 Apr 2015  24 32 34 35 49 (01 02)  15,639,792     0 
788  Fri 10 Apr 2015  22 23 25 30 43 (05 09)  10,876,500     0 
787  Tue  7 Apr 2015  18 25 39 44 50 (05 08)  15,679,890     1 
786  Fri  3 Apr 2015  27 29 37 39 49 (02 04)  11,055,000     0 
785  Tue 31 Mar 2015  08 20 24 28 49 (08 09)  53,193,914     1 
784  Fri 27 Mar 2015  02 30 32 39 44 (06 10)  47,673,633     0 
783  Tue 24 Mar 2015  10 24 26 39 40 (03 10)  38,975,399     0 
782  Fri 20 Mar 2015  03 14 37 42 48 (01 10)  32,843,195     0 
781  Tue 17 Mar 2015  11 23 26 38 44 (01 08)  24,825,416     0 
780  Fri 13 Mar 2015  04 05 18 22 23 (01 03)  19,376,761     0 
779  Tue 10 Mar 2015  02 06 23 30 31 (02 10)  10,656,000     0 
778  Fri  6 Mar 2015  23 30 47 49 50 (02 07)  72,180,000     1 
777  Tue  3 Mar 2015  06 08 11 13 21 (07 08)  59,016,205     0 
776  Fri 27 Feb 2015  05 14 17 25 47 (09 10)  52,055,697     0 
775  Tue 24 Feb 2015  03 25 28 34 50 (01 11)  43,197,448     0 
774  Fri 20 Feb 2015  04 10 14 37 46 (04 07)  37,807,029     0 
773  Tue 17 Feb 2015  02 05 18 30 43 (01 10)  30,050,324     0 
772  Fri 13 Feb 2015  12 24 39 42 44 (03 11)  24,682,682     0 
771  Tue 10 Feb 2015  13 17 20 30 45 (09 10)  16,073,137     0 
770  Fri  6 Feb 2015  10 26 30 39 50 (07 08)  11,154,000     0 
769  Tue  3 Feb 2015  17 31 33 44 50 (07 11)  11,370,000     1 
768  Fri 30 Jan 2015  09 13 15 19 24 (03 08)   5,622,000     2 
767  Tue 27 Jan 2015  05 10 31 33 40 (08 10)  16,266,792     1 
766  Fri 23 Jan 2015  06 29 30 38 45 (01 08)  11,247,000     0 
765  Tue 20 Jan 2015  15 33 41 44 47 (08 10)  12,413,744     2 
764  Fri 16 Jan 2015  29 30 32 34 46 (03 06)  19,476,379     0 
763  Tue 13 Jan 2015  08 17 21 31 34 (09 10)  11,659,500     0 
762  Fri  9 Jan 2015  06 21 24 32 45 (01 11)  24,754,047     1 
761  Tue  6 Jan 2015  14 20 30 38 49 (03 04)  16,954,080     0 
760  Fri  2 Jan 2015  22 24 25 28 49 (03 06)  11,751,000     0 
759  Tue 30 Dec 2014  06 18 39 44 50 (08 11)  11,727,000     1 
758  Fri 26 Dec 2014  17 26 27 45 49 (02 03)  19,781,351     1 
757  Tue 23 Dec 2014  08 09 19 25 49 (02 10)  11,787,000     0 
756  Fri 19 Dec 2014  23 29 31 39 44 (05 08)  11,737,500     1 
755  Tue 16 Dec 2014  03 07 12 13 25 (05 08)  31,462,687     1 
754  Fri 12 Dec 2014  02 15 28 31 37 (04 06)  25,517,469     0 
753  Tue  9 Dec 2014  01 03 31 42 46 (04 11)  17,246,777     0 
752  Fri  5 Dec 2014  05 08 37 47 48 (02 03)  11,851,500     0 
751  Tue  2 Dec 2014  03 15 25 44 49 (01 09)  57,837,341     1 
750  Fri 28 Nov 2014  06 10 15 23 41 (04 10)  51,217,623     0 
749  Tue 25 Nov 2014  03 07 25 32 36 (01 06)  40,715,869     0 
748  Fri 21 Nov 2014  04 07 28 32 37 (05 10)  34,100,271     0 
747  Tue 18 Nov 2014  02 03 17 36 38 (04 11)  26,007,143     0 
746  Fri 14 Nov 2014  17 32 36 38 48 (05 08)  20,235,047     0 
745  Tue 11 Nov 2014  02 14 21 36 46 (07 11)  11,766,000     0 
744  Fri  7 Nov 2014  13 25 32 38 46 (01 10)  12,935,936     2 
743  Tue  4 Nov 2014  01 06 13 17 26 (03 05)  17,438,916     0 
742  Fri 31 Oct 2014  10 13 20 33 41 (03 09)  11,763,000     0 
741  Tue 28 Oct 2014  10 15 17 40 45 (01 02)  11,848,500     1 
740  Fri 24 Oct 2014  03 09 20 30 42 (01 06) 149,758,000     1 
739  Tue 21 Oct 2014  20 21 27 33 40 (03 10) 143,641,614     0 
738  Fri 17 Oct 2014  01 13 40 48 49 (08 10) 130,128,674     0 
737  Tue 14 Oct 2014  04 05 15 23 32 (03 07) 114,362,313     0 
736  Fri 10 Oct 2014  06 29 42 45 47 (09 10) 101,812,996     0 
735  Tue  7 Oct 2014  09 21 28 30 38 (01 08)  88,304,909     0 
734  Fri  3 Oct 2014  04 13 23 48 50 (05 10)  78,370,000     0 
733  Tue 30 Sep 2014  03 13 15 33 42 (05 07)  25,668,301     1 
732  Fri 26 Sep 2014  13 27 35 46 47 (01 02)  20,137,574     0 
731  Tue 23 Sep 2014  12 13 14 29 35 (01 07)  11,770,500     0 
730  Fri 19 Sep 2014  06 08 34 38 48 (03 09)  68,362,889     1 
729  Tue 16 Sep 2014  04 29 30 35 50 (02 04)  59,479,470     0 
728  Fri 12 Sep 2014  09 13 26 31 33 (07 11)  52,772,468     0 
727  Tue  9 Sep 2014  08 15 19 24 35 (08 10)  44,245,873     0 
726  Fri  5 Sep 2014  01 18 23 46 50 (03 09)  37,783,420     0 
725  Tue  2 Sep 2014  05 25 31 39 45 (01 08)  29,994,082     0 
724  Fri 29 Aug 2014  02 09 26 32 38 (03 06)  24,464,842     0 
723  Tue 26 Aug 2014  10 22 36 45 48 (04 11)  16,991,311     0 
722  Fri 22 Aug 2014  04 17 29 35 49 (01 02)  12,000,000     0 
721  Tue 19 Aug 2014  04 07 11 34 47 (07 08)  43,584,628     1 
720  Fri 15 Aug 2014  04 05 21 23 30 (08 10)  37,718,167     0 
719  Tue 12 Aug 2014  07 16 19 22 33 (02 05)  30,079,457     0 
718  Fri  8 Aug 2014  21 29 35 43 46 (01 09)  24,759,542     0 
717  Tue  5 Aug 2014  05 07 19 21 42 (05 11)  17,029,645     0 
716  Fri  1 Aug 2014  24 44 46 48 50 (05 10)  11,977,500     0 
715  Tue 29 Jul 2014  10 23 35 40 43 (03 09)  29,815,964     1 
714  Fri 25 Jul 2014  09 10 12 24 43 (05 09)  24,470,875     0 
713  Tue 22 Jul 2014  01 24 43 45 50 (05 08)  16,916,606     0 
712  Fri 18 Jul 2014  01 11 29 41 43 (03 11)  11,878,500     0 
711  Tue 15 Jul 2014  15 18 20 27 34 (01 03)  53,758,144     1 
710  Fri 11 Jul 2014  05 22 35 38 49 (04 07)  47,789,038     0 
709  Tue  8 Jul 2014  08 18 22 24 27 (04 11)  39,193,498     0 
708  Fri  4 Jul 2014  04 18 39 43 47 (02 06)  33,347,512     0 
707  Tue  1 Jul 2014  18 22 25 27 39 (05 10)  25,344,616     0 
706  Fri 27 Jun 2014  31 33 34 39 45 (02 10)  19,914,711     0 
705  Tue 24 Jun 2014  01 07 20 21 48 (04 07)  12,021,000     0 
704  Fri 20 Jun 2014  05 15 25 38 49 (01 02)  19,964,918     1 
703  Tue 17 Jun 2014  11 13 37 40 48 (08 09)  11,983,500     0 
702  Fri 13 Jun 2014  16 18 22 28 46 (09 11) 109,589,905     1 
701  Tue 10 Jun 2014  12 18 21 32 33 (01 11)  95,933,457     0 
700  Fri  6 Jun 2014  07 25 34 40 49 (09 11)  86,858,395     0 
699  Tue  3 Jun 2014  02 15 32 39 44 (05 10)  72,437,363     0 
698  Fri 30 May 2014  05 24 27 41 45 (06 07)  64,246,871     0 
697  Tue 27 May 2014  07 13 16 25 26 (01 06)  54,445,724     0 
696  Fri 23 May 2014  03 08 31 34 47 (09 11)  48,094,706     0 
695  Tue 20 May 2014  05 33 36 38 47 (04 09)  39,669,453     0 
694  Fri 16 May 2014  23 26 29 37 40 (03 04)  33,974,182     0 
693  Tue 13 May 2014  04 13 30 34 47 (02 06)  25,746,571     0 
692  Fri  9 May 2014  03 21 26 28 45 (07 10)  20,214,823     0 
691  Tue  6 May 2014  05 19 24 31 37 (01 09)  12,321,000     0 
690  Fri  2 May 2014  04 30 31 38 42 (02 11)  73,205,660     1 
689  Tue 29 Apr 2014  18 23 26 35 44 (03 11)  62,955,401     0 
688  Fri 25 Apr 2014  13 21 24 44 49 (01 09)  56,005,506     0 
687  Tue 22 Apr 2014  13 15 20 24 46 (01 08)  46,672,601     0 
686  Fri 18 Apr 2014  21 24 31 39 47 (03 07)  40,962,533     0 
685  Tue 15 Apr 2014  03 14 26 47 50 (07 11)  32,625,427     0 
684  Fri 11 Apr 2014  08 12 19 30 33 (04 11)  26,905,670     0 
683  Tue  8 Apr 2014  11 18 29 42 49 (04 11)  17,853,605     0 
682  Fri  4 Apr 2014  06 10 28 45 50 (10 11)  12,415,500     0 
681  Tue  1 Apr 2014  16 18 26 38 44 (08 10)  12,457,500     1 
680  Fri 28 Mar 2014  03 04 19 28 43 (03 07)  20,942,416     1 
679  Tue 25 Mar 2014  07 20 26 28 50 (02 08)  12,549,000     0 
678  Fri 21 Mar 2014  07 30 37 39 42 (05 07)  21,325,022     1 
677  Tue 18 Mar 2014  08 27 34 36 39 (05 10)  12,603,000     0 
676  Fri 14 Mar 2014  06 24 25 27 30 (05 09) 107,932,603     1 
675  Tue 11 Mar 2014  01 04 23 33 44 (07 08)  93,707,468     0 
674  Fri  7 Mar 2014  05 10 38 40 41 (01 08)  82,990,000     0 
673  Tue  4 Mar 2014  03 05 22 27 44 (01 06)  12,375,000     0 
672  Fri 28 Feb 2014  12 32 38 43 44 (02 07)  35,072,863     1 
671  Tue 25 Feb 2014  21 25 28 35 42 (04 06)  26,289,565     0 
670  Fri 21 Feb 2014  13 17 28 30 32 (05 07)  20,630,644     0 
669  Tue 18 Feb 2014  23 26 36 37 49 (06 07)  12,378,000     0 
668  Fri 14 Feb 2014  02 04 06 19 39 (02 07)  20,927,566     1 
667  Tue 11 Feb 2014  08 17 25 41 47 (01 02)  12,445,500     0 
666  Fri  7 Feb 2014  03 17 19 46 47 (09 10)  21,037,161     1 
665  Tue  4 Feb 2014  01 21 33 37 38 (04 08)  12,433,500     0 
664  Fri 31 Jan 2014  08 10 15 16 31 (08 09)  59,249,234     1 
663  Tue 28 Jan 2014  18 20 23 42 48 (02 09)  49,446,896     0 
662  Fri 24 Jan 2014  05 19 34 35 41 (01 05)  43,002,299     0 
661  Tue 21 Jan 2014  04 12 35 42 48 (05 08)  33,466,125     0 
660  Fri 17 Jan 2014  19 26 32 33 42 (04 10)  27,266,155     0 
659  Tue 14 Jan 2014  18 20 25 26 37 (10 11)  18,577,883     0 
658  Fri 10 Jan 2014  01 02 11 27 29 (01 10)  12,453,000     0 
657  Tue  7 Jan 2014  02 20 27 33 45 (06 10)  54,123,899     2 
656  Fri  3 Jan 2014  03 27 31 38 44 (03 08)  96,289,141     0 
655  Tue 31 Dec 2013  13 20 24 29 45 (03 07)  83,850,382     0 
654  Fri 27 Dec 2013  01 06 13 22 28 (05 10)  72,089,654     0 
653  Tue 24 Dec 2013  05 19 31 43 50 (02 06)  62,469,261     0 
652  Fri 20 Dec 2013  12 13 17 22 43 (03 10)  53,875,274     0 
651  Tue 17 Dec 2013  06 08 27 37 41 (07 10)  44,362,413     0 
650  Fri 13 Dec 2013  01 22 23 24 31 (06 11)  37,664,283     0 
649  Tue 10 Dec 2013  06 24 35 49 50 (01 07)  26,551,498     0 
648  Fri  6 Dec 2013  01 02 18 31 36 (07 10)  20,874,773     0 
647  Tue  3 Dec 2013  06 13 15 29 32 (02 09)  12,445,500     0 
646  Fri 29 Nov 2013  02 07 10 23 43 (04 07)  12,429,000     1 
645  Tue 26 Nov 2013  19 23 27 42 44 (03 05)  26,863,588     1 
644  Fri 22 Nov 2013  13 25 26 40 50 (08 09)  21,186,645     0 
643  Tue 19 Nov 2013  14 15 19 36 45 (01 10)  12,606,000     0 
642  Fri 15 Nov 2013  03 13 15 29 42 (01 04)  83,830,000     1 
641  Tue 12 Nov 2013  14 29 37 40 48 (02 11)  12,682,500     0 
640  Fri  8 Nov 2013  20 28 35 42 43 (08 10)   6,255,000     2 
639  Tue  5 Nov 2013  06 12 13 35 38 (02 03)  18,107,224     1 
638  Fri  1 Nov 2013  07 19 29 30 33 (03 08)  12,709,500     0 
637  Tue 29 Oct 2013  09 10 30 32 37 (02 06)  12,856,500     1 
636  Fri 25 Oct 2013  02 03 10 31 38 (06 10)  27,080,608     1 
635  Tue 22 Oct 2013  29 33 39 41 44 (09 11)  18,308,847     0 
634  Fri 18 Oct 2013  05 25 36 46 47 (02 06)  12,711,000     0 
633  Tue 15 Oct 2013  18 27 39 43 47 (04 07)  43,086,063     1 
632  Fri 11 Oct 2013  06 12 17 23 43 (05 09)  36,840,020     0 
631  Tue  8 Oct 2013  23 24 26 33 42 (03 05)  27,440,665     0 
630  Fri  4 Oct 2013  06 20 24 35 50 (05 10)  21,498,731     0 
629  Tue  1 Oct 2013  19 23 25 44 48 (08 09)  12,544,500     0 
628  Fri 27 Sep 2013  11 15 38 41 43 (02 06)  55,193,986     1 
627  Tue 24 Sep 2013  10 20 26 28 43 (09 11)  45,405,876     0 
626  Fri 20 Sep 2013  05 11 35 38 45 (02 03)  38,960,567     0 
625  Tue 17 Sep 2013  13 17 21 42 44 (09 11)  29,412,765     0 
624  Fri 13 Sep 2013  04 06 14 27 33 (05 10)  23,253,808     0 
623  Tue 10 Sep 2013  07 11 14 28 30 (02 10)  12,666,000     0 
622  Fri  6 Sep 2013  11 23 25 32 37 (04 07)  10,801,883     2 
621  Tue  3 Sep 2013  05 09 16 18 42 (07 09)  12,709,500     0 
620  Fri 30 Aug 2013  02 17 25 36 45 (05 09)  10,942,818     2 
619  Tue 27 Aug 2013  07 30 38 40 43 (02 06)  12,931,500     0 
618  Fri 23 Aug 2013  01 06 26 30 37 (05 08)  80,738,985     1 
617  Tue 20 Aug 2013  05 11 42 49 50 (08 11)  68,593,880     0 
616  Fri 16 Aug 2013  20 24 27 37 39 (05 10)  60,621,367     0 
615  Tue 13 Aug 2013  05 17 20 47 50 (01 04)  51,018,937     0 
614  Fri  9 Aug 2013  04 07 09 23 24 (08 09)  44,134,518     0 
613  Tue  6 Aug 2013  16 17 31 47 49 (03 11)  34,673,271     0 
612  Fri  2 Aug 2013  21 36 37 42 48 (04 07)  28,309,281     0 
611  Tue 30 Jul 2013  03 04 11 14 43 (01 06)  19,184,610     0 
610  Fri 26 Jul 2013  12 23 29 38 49 (03 04)  13,081,162     0 
609  Tue 23 Jul 2013  14 15 16 19 44 (04 05)  12,907,500     1 
608  Fri 19 Jul 2013  13 16 24 26 35 (02 05)  12,925,500     1 
607  Tue 16 Jul 2013  19 23 34 47 50 (04 06)  19,201,363     1 
606  Fri 12 Jul 2013  18 26 32 33 42 (02 03)  12,987,000     0 
605  Tue  9 Jul 2013  16 18 31 38 49 (04 10)  28,847,237     1 
604  Fri  5 Jul 2013  04 12 15 28 33 (01 10)  22,417,687     0 
603  Tue  2 Jul 2013  11 13 14 28 30 (04 05)  12,844,500     0 
602  Fri 28 Jun 2013  01 15 28 35 47 (01 07)  12,843,000     1 
601  Tue 25 Jun 2013  04 05 13 27 35 (01 02)  79,779,517     2 
600  Fri 21 Jun 2013  10 11 30 36 45 (01 02) 143,627,629     0 
599  Tue 18 Jun 2013  17 24 33 41 44 (01 11) 125,775,679     0 
598  Fri 14 Jun 2013  10 25 41 47 48 (06 10) 111,780,731     0 
597  Tue 11 Jun 2013  05 07 09 25 41 (01 05)  96,181,290     0 
596  Fri  7 Jun 2013  07 14 26 45 50 (02 07)  85,130,000     0 
595  Tue  4 Jun 2013  31 33 34 37 40 (01 06)  19,080,295     0 
594  Fri 31 May 2013  27 28 29 34 43 (05 10)  12,841,500     0 
593  Tue 28 May 2013  08 13 26 34 38 (03 11)  81,381,673     1 
592  Fri 24 May 2013  07 17 22 27 40 (02 03)  73,074,352     0 
591  Tue 21 May 2013  07 08 19 28 29 (05 09)  61,122,965     0 
590  Fri 17 May 2013  06 20 24 25 50 (09 10)  53,520,165     0 
589  Tue 14 May 2013  07 08 24 27 36 (05 11)  43,382,876     0 
588  Fri 10 May 2013  01 32 35 45 48 (04 11)  36,503,084     0 
587  Tue  7 May 2013  13 27 28 42 43 (04 06)  27,337,587     0 
586  Fri  3 May 2013  03 05 34 40 49 (02 03)  21,355,336     0 
585  Tue 30 Apr 2013  13 36 40 43 50 (05 09)  12,727,500     0 
584  Fri 26 Apr 2013  11 16 24 38 40 (02 05)  27,335,676     1 
583  Tue 23 Apr 2013  01 04 07 10 50 (04 11)  18,557,707     0 
582  Fri 19 Apr 2013  01 08 42 46 48 (04 07)  12,874,500     0 
581  Tue 16 Apr 2013  01 11 22 33 50 (04 06)  12,879,000     1 
580  Fri 12 Apr 2013  05 10 15 28 45 (03 09)  22,422,511     1 
579  Tue  9 Apr 2013  15 35 38 44 48 (05 10)  12,825,000     0 
578  Fri  5 Apr 2013  01 11 17 32 39 (02 07)  11,268,414     2 
577  Tue  2 Apr 2013  12 17 25 29 41 (01 04)  12,741,000     0 
576  Fri 29 Mar 2013  13 30 43 44 46 (05 09) 112,017,541     1 
575  Tue 26 Mar 2013  04 26 30 42 44 (06 11)  96,302,211     0 
574  Fri 22 Mar 2013  12 27 32 34 49 (08 09)  85,330,000     0 
573  Tue 19 Mar 2013  19 32 35 37 44 (01 09)  18,770,152     0 
572  Fri 15 Mar 2013  04 14 21 24 39 (03 10)  12,997,500     0 
571  Tue 12 Mar 2013  02 04 10 22 50 (05 08)  13,135,500     1 
570  Fri  8 Mar 2013  03 20 23 28 42 (08 11)  45,058,160     1 
569  Tue  5 Mar 2013  08 19 31 33 39 (02 07)  34,631,815     0 
568  Fri  1 Mar 2013  01 11 29 36 42 (04 05)  28,372,232     0 
567  Tue 26 Feb 2013  03 12 13 17 30 (02 06)  18,874,481     0 
566  Fri 22 Feb 2013  15 16 28 36 37 (02 11)  12,981,000     0 
565  Tue 19 Feb 2013  12 15 28 30 44 (08 09)  52,357,563     1 
564  Fri 15 Feb 2013  02 04 22 28 42 (04 09)  44,855,571     0 
563  Tue 12 Feb 2013  05 11 16 25 28 (07 09)  34,628,142     0 
562  Fri  8 Feb 2013  09 11 14 34 44 (10 11)  27,886,637     0 
561  Tue  5 Feb 2013  06 25 31 40 45 (06 07)  19,070,109     0 
560  Fri  1 Feb 2013  05 21 34 37 38 (01 06)  13,063,500     0 
559  Tue 29 Jan 2013  09 16 26 36 39 (02 06)   6,431,250     2 
558  Fri 25 Jan 2013  03 10 18 31 37 (02 04)  37,772,357     1 
557  Tue 22 Jan 2013  01 10 44 45 48 (01 04)  27,777,897     0 
556  Fri 18 Jan 2013  04 26 27 30 39 (03 10)  21,672,986     0 
555  Tue 15 Jan 2013  22 38 40 42 47 (01 11)  12,441,000     0 
554  Fri 11 Jan 2013  04 22 29 37 41 (04 07)  28,307,149     1 
553  Tue  8 Jan 2013  02 20 22 26 47 (05 09)  18,341,712     0 
552  Fri  4 Jan 2013  04 10 22 27 41 (08 10)  12,216,000     0 
551  Tue  1 Jan 2013  02 07 08 36 49 (01 11)  10,243,449     3 
550  Fri 28 Dec 2012  17 24 26 27 49 (03 05)  21,875,652     0 
549  Tue 25 Dec 2012  14 18 20 23 32 (03 10)  12,322,500     0 
548  Fri 21 Dec 2012  03 05 22 40 42 (03 10)  83,087,699     1 
547  Tue 18 Dec 2012  14 18 20 35 44 (02 05)  70,070,413     0 
546  Fri 14 Dec 2012  10 11 29 40 43 (03 11)  62,293,153     0 
545  Tue 11 Dec 2012  01 04 09 43 50 (06 08)  51,106,703     0 
544  Fri  7 Dec 2012  10 16 18 31 42 (02 05)  44,054,164     0 
543  Tue  4 Dec 2012  05 10 28 29 44 (02 04)  34,505,412     0 
542  Fri 30 Nov 2012  10 18 23 24 40 (03 04)  27,864,810     0 
541  Tue 27 Nov 2012  06 10 23 44 49 (01 07)  18,165,905     0 
540  Fri 23 Nov 2012  01 09 11 20 40 (01 05)  12,147,000     0 
539  Tue 20 Nov 2012  28 30 42 45 49 (05 10)  18,330,737     1 
538  Fri 16 Nov 2012  10 15 19 23 41 (02 09)  12,039,000     0 
537  Tue 13 Nov 2012  11 16 21 24 29 (02 06) 136,124,363     1 
536  Fri  9 Nov 2012  14 21 22 28 47 (04 05) 122,416,477     0 
535  Tue  6 Nov 2012  07 20 25 35 41 (01 09) 106,443,387     0 
534  Fri  2 Nov 2012  03 06 10 11 44 (03 04)  95,574,746     0 
533  Tue 30 Oct 2012  23 24 25 31 44 (02 03)  82,777,654     0 
532  Fri 26 Oct 2012  05 06 09 27 38 (05 11)  73,585,548     0 
531  Tue 23 Oct 2012  01 28 35 38 50 (02 10)  62,668,378     0 
530  Fri 19 Oct 2012  16 29 37 40 44 (08 10)  55,297,557     0 
529  Tue 16 Oct 2012  10 32 40 41 49 (02 08)  44,407,071     0 
528  Fri 12 Oct 2012  06 07 17 35 43 (02 08)  37,648,529     0 
527  Tue  9 Oct 2012  02 08 10 23 25 (08 09)  27,768,213     0 
526  Fri  5 Oct 2012  09 16 18 19 21 (02 03)  21,701,658     0 
525  Tue  2 Oct 2012  04 16 21 36 42 (07 08)  12,015,000     0 
524  Fri 28 Sep 2012  20 23 26 30 33 (06 09)  79,750,000     1 
523  Tue 25 Sep 2012  07 25 27 48 49 (01 04)  27,120,727     0 
522  Fri 21 Sep 2012  04 19 34 41 43 (07 11)  21,218,945     0 
521  Tue 18 Sep 2012  06 07 38 39 44 (07 09)  12,058,500     0 
520  Fri 14 Sep 2012  03 10 23 27 44 (07 09)  21,511,885     1 
519  Tue 11 Sep 2012  06 15 22 37 44 (02 04)  12,016,500     0 
518  Fri  7 Sep 2012  13 15 30 35 42 (04 06)  37,827,315     1 
517  Tue  4 Sep 2012  11 17 18 39 44 (05 10)  27,605,924     0 
516  Fri 31 Aug 2012  16 28 31 33 48 (07 11)  21,380,703     0 
515  Tue 28 Aug 2012  01 18 25 26 44 (04 05)  11,914,500     0 
514  Fri 24 Aug 2012  05 06 12 19 37 (03 07)  37,709,047     1 
513  Tue 21 Aug 2012  04 05 17 38 48 (03 04)  27,638,401     0 
512  Fri 17 Aug 2012  19 25 28 33 44 (02 08)  21,173,767     0 
511  Tue 14 Aug 2012  01 16 38 42 45 (09 10)  11,805,000     0 
510  Fri 10 Aug 2012  11 17 21 48 50 (09 10) 148,656,000     1 
509  Tue  7 Aug 2012  20 27 34 46 50 (02 03) 151,012,000     0 
508  Fri  3 Aug 2012  24 34 35 42 46 (01 05) 142,677,285     0 
507  Tue 31 Jul 2012  04 29 35 36 39 (08 09) 123,419,567     0 
506  Fri 27 Jul 2012  14 15 21 23 48 (02 10) 110,973,507     0 
505  Tue 24 Jul 2012  04 16 18 25 44 (01 11)  87,418,315     0 
504  Fri 20 Jul 2012  10 19 23 45 49 (09 10)  79,035,843     0 
503  Tue 17 Jul 2012  02 07 24 43 46 (08 10)  67,543,388     0 
502  Fri 13 Jul 2012  08 18 25 35 46 (04 09)  60,323,858     0 
501  Tue 10 Jul 2012  01 03 16 24 37 (01 08)  48,445,181     0 
500  Fri  6 Jul 2012  31 32 38 40 42 (01 03)  42,076,911     0 
499  Tue  3 Jul 2012  02 07 22 27 40 (03 06)  32,812,559     0 
498  Fri 29 Jun 2012  14 17 28 29 39 (01 11)  26,900,432     0 
497  Tue 26 Jun 2012  01 11 20 22 35 (08 10)  17,516,871     0 
496  Fri 22 Jun 2012  14 18 19 43 49 (03 07)  12,117,000     0 
495  Tue 19 Jun 2012  07 17 20 35 50 (05 11)  12,109,500     1 
494  Fri 15 Jun 2012  10 22 27 38 48 (03 07)  10,814,550     2 
493  Tue 12 Jun 2012  08 15 26 30 48 (09 10)  12,043,500     0 
492  Fri  8 Jun 2012  05 11 22 34 40 (09 11)  63,837,544     2 
491  Tue  5 Jun 2012  13 34 37 47 49 (08 09) 109,315,762     0 
490  Fri  1 Jun 2012  02 04 14 26 36 (09 10)  97,123,444     0 
489  Tue 29 May 2012  08 15 17 25 28 (03 11)  80,806,756     0 
488  Fri 25 May 2012  12 22 35 46 49 (02 08)  71,823,678     0 
487  Tue 22 May 2012  16 31 32 37 41 (01 07)  60,290,704     0 
486  Fri 18 May 2012  13 29 43 47 50 (09 11)  53,068,969     0 
485  Tue 15 May 2012  02 11 13 26 50 (02 05)  41,232,245     0 
484  Fri 11 May 2012  01 13 17 38 44 (02 11)  35,495,169     0 
483  Tue  8 May 2012  03 21 34 38 48 (05 08)  26,250,991     0 
482  Fri  4 May 2012  03 26 39 40 41 (01 02)  21,084,008     0 
481  Tue  1 May 2012  04 05 15 19 41 (09 11)  12,258,000     0 
480  Fri 27 Apr 2012  20 27 30 36 43 (01 06)  36,231,900     1 
479  Tue 24 Apr 2012  08 09 24 43 48 (03 05)  26,895,374     0 
478  Fri 20 Apr 2012  03 06 29 32 41 (10 11)  21,345,735     0 
477  Tue 17 Apr 2012  10 28 33 48 49 (01 10)  12,369,000     0 
476  Fri 13 Apr 2012  08 13 26 39 43 (03 05)  44,408,417     1 
475  Tue 10 Apr 2012  22 25 27 36 37 (05 09)  32,603,075     0 
474  Fri  6 Apr 2012  11 20 30 35 45 (02 03)  27,033,455     0 
473  Tue  3 Apr 2012  01 08 18 25 30 (09 10)  18,087,550     0 
472  Fri 30 Mar 2012  04 17 23 36 46 (06 10)  12,522,000     0 
471  Tue 27 Mar 2012  24 27 29 34 36 (07 08)  12,555,000     1 
470  Fri 23 Mar 2012  09 15 23 31 50 (08 11)  21,827,112     1 
469  Tue 20 Mar 2012  15 16 28 30 46 (03 04)  12,508,500     0 
468  Fri 16 Mar 2012  03 04 12 23 50 (04 07)  38,034,640     1 
467  Tue 13 Mar 2012  01 10 25 43 47 (08 09)  28,201,173     0 
466  Fri  9 Mar 2012  03 32 36 39 47 (06 09)  22,200,501     0 
465  Tue  6 Mar 2012  23 24 27 37 47 (02 06)  12,525,000     0 
464  Fri  2 Mar 2012  05 06 11 30 44 (02 06)  22,198,233     1 
463  Tue 28 Feb 2012  01 10 17 33 48 (02 03)  12,720,000     0 
462  Fri 24 Feb 2012  03 07 12 26 34 (08 10)  46,432,285     1 
461  Tue 21 Feb 2012  11 14 24 25 29 (07 11)  35,142,486     0 
460  Fri 17 Feb 2012  04 11 28 38 47 (10 11)  28,527,269     0 
459  Tue 14 Feb 2012  14 27 36 42 46 (08 11)  18,731,949     0 
458  Fri 10 Feb 2012  03 08 14 31 41 (07 11)  12,565,500     0 
457  Tue  7 Feb 2012  03 15 17 28 33 (02 04)  45,160,171     1 
456  Fri  3 Feb 2012  16 19 20 25 28 (01 10)  38,388,399     0 
455  Tue 31 Jan 2012  09 34 38 43 45 (02 04)  28,074,424     0 
454  Fri 27 Jan 2012  10 13 19 39 44 (02 06)  22,380,458     0 
453  Tue 24 Jan 2012  01 02 06 20 36 (08 11)  12,523,500     0 
452  Fri 20 Jan 2012  02 10 22 27 28 (06 08)  40,627,241     1 
451  Tue 17 Jan 2012  12 22 30 31 44 (05 06)  30,343,120     0 
450  Fri 13 Jan 2012  13 14 21 27 39 (06 08)  24,189,679     0 
449  Tue 10 Jan 2012  04 09 10 30 40 (02 09)  12,394,500     0 
448  Fri  6 Jan 2012  01 06 10 12 31 (02 07)  30,177,623     2 
447  Tue  3 Jan 2012  03 30 42 45 49 (05 10)  50,010,872     0 
446  Fri 30 Dec 2011  16 36 43 44 50 (07 08)  43,303,615     0 
445  Tue 27 Dec 2011  19 21 25 26 44 (03 07)  31,879,970     0 
444  Fri 23 Dec 2011  07 21 22 24 28 (01 11)  25,852,188     0 
443  Tue 20 Dec 2011  01 09 12 14 48 (01 07)  12,549,000     0 
442  Fri 16 Dec 2011  02 05 10 23 31 (02 05)  39,175,449     1 
441  Tue 13 Dec 2011  07 12 18 33 37 (01 11)  28,908,882     0 
440  Fri  9 Dec 2011  12 21 29 44 47 (01 02)  22,918,879     0 
439  Tue  6 Dec 2011  19 20 21 34 38 (03 09)  12,904,500     0 
438  Fri  2 Dec 2011  07 27 30 40 43 (08 09)  23,341,756     1 
437  Tue 29 Nov 2011  11 25 41 45 50 (02 07)  12,825,000     0 
436  Fri 25 Nov 2011  14 19 26 28 34 (05 08)  30,126,040     1 
435  Tue 22 Nov 2011  16 18 24 38 40 (02 04)  18,941,023     0 
434  Fri 18 Nov 2011  04 12 24 39 44 (02 04)  12,850,500     0 
433  Tue 15 Nov 2011  06 17 22 45 47 (03 11)  12,817,500     1 
432  Fri 11 Nov 2011  01 04 18 23 30 (03 07)  58,162,735     1 
431  Tue  8 Nov 2011  01 04 15 29 40 (01 05)  46,793,457     0 
430  Fri  4 Nov 2011  11 14 41 43 50 (02 09)  39,862,087     0 
429  Tue  1 Nov 2011  14 20 23 45 46 (01 11)  28,991,611     0 
428  Fri 28 Oct 2011  16 17 20 39 50 (04 08)  23,734,845     0 
427  Tue 25 Oct 2011  12 22 27 28 39 (04 10)  13,059,000     0 
426  Fri 21 Oct 2011  02 19 33 37 46 (05 08)  20,841,014     2 
425  Tue 18 Oct 2011  18 23 37 46 48 (02 10)  30,927,684     0 
424  Fri 14 Oct 2011  12 23 29 32 47 (03 05)  24,130,874     0 
423  Tue 11 Oct 2011  01 04 12 16 48 (09 10)  13,152,000     0 
422  Fri  7 Oct 2011  18 26 34 38 42 (05 08) 101,203,601     1 
421  Tue  4 Oct 2011  14 16 23 38 45 (08 11)  86,290,000     0 
420  Fri 30 Sep 2011  05 15 28 31 44 (01 06)  13,912,755     3 
419  Tue 27 Sep 2011  18 27 28 35 40 (03 05)  30,913,743     0 
418  Fri 23 Sep 2011  06 14 33 34 48 (02 06)  23,961,854     0 
417  Tue 20 Sep 2011  09 19 25 36 38 (07 11)  13,039,500     0 
416  Fri 16 Sep 2011  02 08 17 39 42 (03 10)  13,108,500     1 
415  Tue 13 Sep 2011  09 28 30 32 49 (09 10) 140,822,522     1 
414  Fri  9 Sep 2011  05 21 28 31 34 (01 02) 126,867,263     0 
413  Tue  6 Sep 2011  35 42 47 48 50 (08 09) 111,920,466     0 
412  Fri  2 Sep 2011  12 26 37 38 44 (04 07) 101,404,135     0 
411  Tue 30 Aug 2011  02 08 10 19 46 (05 09)  87,376,837     0 
410  Fri 26 Aug 2011  12 22 25 33 45 (05 07)  78,976,312     0 
409  Tue 23 Aug 2011  04 06 14 42 50 (02 04)  65,488,523     0 
408  Fri 19 Aug 2011  06 14 16 28 31 (02 11)  58,085,462     0 
407  Tue 16 Aug 2011  01 13 17 18 45 (03 08)  47,058,914     0 
406  Fri 12 Aug 2011  07 10 20 27 37 (04 07)  40,675,287     0 
405  Tue  9 Aug 2011  07 23 24 34 36 (08 11)  30,055,771     0 
404  Fri  5 Aug 2011  13 14 18 32 34 (01 10)  23,440,309     0 
403  Tue  2 Aug 2011  05 08 14 24 33 (03 08)  13,080,000     0 
402  Fri 29 Jul 2011  12 19 27 37 38 (05 10)  23,933,989     1 
401  Tue 26 Jul 2011  01 05 22 25 48 (03 11)  13,272,000     0 
400  Fri 22 Jul 2011  04 15 23 49 50 (02 06)   6,612,750     2 
399  Tue 19 Jul 2011  03 16 25 26 35 (05 09)  20,319,793     1 
398  Fri 15 Jul 2011  06 26 33 34 39 (03 04)  13,173,000     0 
397  Tue 12 Jul 2011  17 19 38 42 45 (09 10) 161,653,000     1 
396  Fri  8 Jul 2011  12 13 23 40 49 (07 10) 164,761,000     0 
395  Tue  5 Jul 2011  11 28 29 47 49 (01 05) 159,008,879     0 
394  Fri  1 Jul 2011  08 11 23 31 46 (08 09) 141,820,902     0 
393  Tue 28 Jun 2011  15 16 30 44 50 (02 03) 120,687,895     0 
392  Fri 24 Jun 2011  05 16 20 30 41 (06 11) 107,428,374     0 
391  Tue 21 Jun 2011  17 20 35 49 50 (03 04)  91,693,456     0 
390  Fri 17 Jun 2011  11 16 21 22 44 (03 08)  82,001,875     0 
389  Tue 14 Jun 2011  05 12 19 41 48 (08 10)  68,132,630     0 
388  Fri 10 Jun 2011  03 19 20 37 48 (08 11)  60,872,491     0 
387  Tue  7 Jun 2011  06 25 36 38 40 (04 10)  48,962,688     0 
386  Fri  3 Jun 2011  04 39 40 49 50 (02 05)  41,359,053     0 
385  Tue 31 May 2011  01 09 10 22 50 (05 11)  29,730,067     0 
384  Fri 27 May 2011  09 17 25 28 49 (08 09)  23,752,200     0 
383  Tue 24 May 2011  16 23 24 26 29 (02 09)  13,102,500     0 
382  Fri 20 May 2011  10 14 20 25 42 (08 11)  24,115,451     1 
381  Tue 17 May 2011  20 21 37 45 46 (02 03)  13,143,000     0 
380  Fri 13 May 2011  09 11 17 36 47 (01 02) 105,892,179     1 
379  Tue 10 May 2011  03 10 15 28 45 (05 07)  88,200,000     0 
378  Fri  6 May 2011  11 16 20 22 28 (04 09)  25,227,296     1 
377  Fri 29 Apr 2011  15 25 38 40 41 (01 02)  13,335,000     0 
376  Fri 22 Apr 2011  11 22 36 45 48 (01 04)  38,301,216     1 
375  Fri 15 Apr 2011  04 06 21 39 41 (02 06)  25,974,202     0 
374  Fri  8 Apr 2011  21 23 38 47 50 (02 06)  13,275,000     0 
373  Fri  1 Apr 2011  04 17 21 22 33 (04 08)  13,269,000     1 
372  Fri 25 Mar 2011  06 12 21 27 33 (03 07)  60,861,008     2 
371  Fri 18 Mar 2011  01 13 20 26 50 (06 07)  94,101,577     0 
370  Fri 11 Mar 2011  17 19 24 37 46 (02 07)  71,628,834     0 
369  Fri  4 Mar 2011  11 25 27 28 41 (05 08)  53,278,317     0 
368  Fri 25 Feb 2011  12 13 42 45 48 (03 09)  37,687,076     0 
367  Fri 18 Feb 2011  02 03 15 45 49 (05 09)  24,146,665     0 
366  Fri 11 Feb 2011  12 14 15 19 23 (07 08)  12,714,000     0 
365  Fri  4 Feb 2011  02 11 24 35 47 (05 09)   4,873,640     5 
364  Fri 28 Jan 2011  13 23 24 41 42 (01 05)  12,940,500     0 
363  Fri 21 Jan 2011  03 11 13 18 21 (04 05)  12,354,361     2 
362  Fri 14 Jan 2011  02 14 24 39 44 (06 07)  12,657,000     0 
361  Fri  7 Jan 2011  01 22 32 48 50 (06 07)  12,487,500     1 
360  Fri 31 Dec 2010  02 24 34 38 43 (01 07)  13,178,614     1 
359  Fri 24 Dec 2010  19 36 38 42 46 (02 08)  16,301,884     1 
358  Fri 17 Dec 2010  03 20 29 35 42 (03 08)  37,234,742     1 
357  Fri 10 Dec 2010  02 03 10 33 46 (07 08)  24,100,215     0 
356  Fri  3 Dec 2010  08 19 28 32 46 (04 07)  12,748,500     0 
355  Fri 26 Nov 2010  09 28 36 41 49 (05 07)  38,556,253     1 
354  Fri 19 Nov 2010  12 15 32 36 45 (07 09)  25,874,272     0 
353  Fri 12 Nov 2010  07 19 23 29 47 (01 06)  13,716,650     0 
352  Fri  5 Nov 2010  21 23 33 40 50 (04 05)  25,300,621     1 
351  Fri 29 Oct 2010  16 20 22 32 42 (08 09)  13,042,500     0 
350  Fri 22 Oct 2010  04 05 09 11 39 (03 05)  13,115,962     2 
349  Fri 15 Oct 2010  02 31 36 38 43 (03 07)  13,152,000     0 
348  Fri  8 Oct 2010  09 30 35 39 46 (06 08) 113,019,926     1 
347  Fri  1 Oct 2010  01 04 06 27 48 (01 06)  87,100,000     0 
346  Fri 24 Sep 2010  01 04 16 40 48 (01 09)  12,235,471     2 
345  Fri 17 Sep 2010  17 27 29 38 50 (01 03)  12,558,000     0 
344  Fri 10 Sep 2010  17 21 35 41 45 (01 05)  12,454,500     1 
343  Fri  3 Sep 2010  13 24 26 47 49 (04 08)  12,543,000     1 
342  Fri 27 Aug 2010  01 06 13 30 49 (01 09)   6,173,250     2 
341  Fri 20 Aug 2010  05 27 31 40 42 (01 06)  12,202,500     1 
340  Fri 13 Aug 2010  04 09 15 21 47 (02 07)   4,093,500     3 
339  Fri  6 Aug 2010  13 25 28 29 42 (04 05)  12,502,500     1 
338  Fri 30 Jul 2010  03 04 11 28 39 (02 08)  23,414,853     1 
337  Fri 23 Jul 2010  04 13 35 37 46 (03 09)  12,592,500     0 
336  Fri 16 Jul 2010  38 39 45 46 49 (07 08)  35,767,540     1 
335  Fri  9 Jul 2010  09 24 37 39 49 (03 09)  23,591,586     0 
334  Fri  2 Jul 2010  12 13 36 41 46 (01 08)  12,424,500     0 
333  Fri 25 Jun 2010  01 08 18 28 31 (08 09)  23,090,988     1 
332  Fri 18 Jun 2010  02 29 31 32 38 (01 04)  12,540,000     0 
331  Fri 11 Jun 2010  02 22 24 36 44 (01 02)  12,408,000     1 
330  Fri  4 Jun 2010  04 17 34 40 42 (04 09)  12,442,500     1 
329  Fri 28 May 2010  04 09 31 32 33 (03 07)  12,693,000     1 
328  Fri 21 May 2010  07 19 30 38 50 (04 07)  13,072,500     1 
327  Fri 14 May 2010  01 17 31 43 47 (02 03)  84,451,321     1 
326  Fri  7 May 2010  03 06 15 21 32 (07 09)  67,967,955     0 
325  Fri 30 Apr 2010  06 22 24 25 36 (03 08)  52,603,784     0 
324  Fri 23 Apr 2010  03 07 08 43 46 (06 08)  38,064,784     0 
323  Fri 16 Apr 2010  09 11 17 26 40 (03 09)  25,378,348     0 
322  Fri  9 Apr 2010  07 21 23 24 44 (03 04)  13,177,500     0 
321  Fri  2 Apr 2010  12 18 24 26 45 (04 05)  13,339,500     1 
320  Fri 26 Mar 2010  08 16 18 37 43 (02 06)  39,754,555     1 
319  Fri 19 Mar 2010  10 28 30 38 39 (02 07)  26,412,247     0 
318  Fri 12 Mar 2010  01 26 33 36 46 (06 07)  13,633,500     0 
317  Fri  5 Mar 2010  12 18 19 43 49 (03 09)  41,706,216     1 
316  Fri 26 Feb 2010  07 11 18 29 42 (06 07)  26,963,008     0 
315  Fri 19 Feb 2010  12 31 37 38 43 (02 03)  13,222,500     0 
314  Fri 12 Feb 2010  01 05 18 38 45 (04 06)  56,008,113     2 
313  Fri  5 Feb 2010  34 35 38 39 46 (03 04)  87,570,000     0 
312  Fri 29 Jan 2010  09 17 30 39 43 (05 07)  25,403,095     1 
311  Fri 22 Jan 2010  04 22 27 36 44 (07 09)  13,197,000     0 
310  Fri 15 Jan 2010  11 26 29 49 50 (04 07)  26,151,124     2 
309  Fri  8 Jan 2010  04 05 14 44 46 (08 09)  38,666,984     0 
308  Fri  1 Jan 2010  09 22 24 27 36 (05 07)  25,315,385     0 
307  Fri 25 Dec 2009  04 05 14 17 34 (03 05)  13,590,000     0 
306  Fri 18 Dec 2009  14 30 32 35 49 (03 08)  52,883,496     1 
305  Fri 11 Dec 2009  20 41 43 44 46 (02 09)  39,585,642     0 
304  Fri  4 Dec 2009  18 19 25 30 44 (01 03)  26,301,056     0 
303  Fri 27 Nov 2009  05 08 13 15 33 (08 09)  13,660,500     0 
302  Fri 20 Nov 2009  05 09 28 43 47 (02 09)  13,536,000     1 
301  Fri 13 Nov 2009  13 15 25 26 32 (03 04)  14,839,480     1 
300  Fri  6 Nov 2009  11 19 34 43 45 (05 09)  45,570,836     2 
299  Fri 30 Oct 2009  09 33 35 38 40 (02 06)  71,278,155     0 
298  Fri 23 Oct 2009  06 18 20 29 31 (02 08)  55,868,893     0 
297  Fri 16 Oct 2009  12 23 30 31 47 (03 04)  40,391,228     0 
296  Fri  9 Oct 2009  07 11 29 46 50 (04 07)  27,066,647     0 
295  Fri  2 Oct 2009  22 23 24 29 44 (01 05)  13,764,000     0 
294  Fri 25 Sep 2009  06 17 18 21 34 (03 09)  13,830,000     1 
293  Fri 18 Sep 2009  06 16 30 38 41 (02 04)  90,740,000     1 
292  Fri 11 Sep 2009  12 15 35 42 43 (04 06)  37,805,108     0 
291  Fri  4 Sep 2009  06 09 20 38 39 (03 09)  24,942,782     0 
290  Fri 28 Aug 2009  08 36 37 41 49 (05 07)  13,219,500     0 
289  Fri 21 Aug 2009  04 07 16 31 42 (03 05)  32,731,271     2 
288  Fri 14 Aug 2009  05 08 24 30 49 (03 09)  49,372,566     0 
287  Fri  7 Aug 2009  10 20 22 24 31 (02 07)  35,727,239     0 
286  Fri 31 Jul 2009  05 09 20 21 26 (03 06)  23,957,846     0 
285  Fri 24 Jul 2009  14 15 25 35 47 (05 09)  13,008,000     0 
284  Fri 17 Jul 2009  02 08 17 32 50 (03 07)  49,802,092     1 
283  Fri 10 Jul 2009  06 16 20 42 46 (01 06)  36,399,342     0 
282  Fri  3 Jul 2009  21 29 34 46 47 (06 08)  24,056,336     0 
281  Fri 26 Jun 2009  06 11 21 30 39 (02 08)  12,787,500     0 
280  Fri 19 Jun 2009  04 16 17 20 29 (05 07)  12,853,500     1 
279  Fri 12 Jun 2009  06 14 16 34 50 (04 06)  24,951,269     2 
278  Fri  5 Jun 2009  11 19 26 35 40 (02 05)  37,574,774     0 
277  Fri 29 May 2009  02 05 30 37 47 (03 06)  24,953,014     0 
276  Fri 22 May 2009  04 13 14 33 43 (01 06)  13,254,000     0 
275  Fri 15 May 2009  08 18 19 20 42 (05 09)  13,402,500     1 
274  Fri  8 May 2009  04 23 24 29 31 (08 09) 113,229,891     1 
273  Fri  1 May 2009  05 19 31 38 47 (03 05)  88,364,737     0 
272  Fri 24 Apr 2009  04 14 21 24 41 (05 08)  69,762,491     0 
271  Fri 17 Apr 2009  04 07 21 44 47 (01 05)  51,694,404     0 
270  Fri 10 Apr 2009  09 14 16 37 46 (02 04)  38,126,495     0 
269  Fri  3 Apr 2009  02 20 24 32 46 (01 09)  25,879,558     0 
268  Fri 27 Mar 2009  25 33 36 38 42 (06 07)  14,082,000     0 
267  Fri 20 Mar 2009  12 16 23 31 35 (04 06)  14,023,690     2 
266  Fri 13 Mar 2009  12 24 26 36 42 (01 04)  14,858,473     0 
265  Fri  6 Mar 2009  13 17 19 25 35 (05 06)  45,060,000     2 
264  Fri 27 Feb 2009  05 09 37 44 45 (06 09)  38,191,683     0 
263  Fri 20 Feb 2009  09 12 13 14 48 (01 02)  25,094,625     0 
262  Fri 13 Feb 2009  22 33 36 40 42 (01 02)  13,461,000     0 
261  Fri  6 Feb 2009  10 20 30 36 40 (03 05)   6,563,250     2 
260  Fri 30 Jan 2009  04 29 34 35 46 (05 08)  25,509,888     1 
259  Fri 23 Jan 2009  32 33 36 40 49 (02 08)  14,193,000     0 
258  Fri 16 Jan 2009  03 17 22 49 50 (03 06)  13,554,000     1 
257  Fri  9 Jan 2009  07 15 22 28 48 (01 04)  50,993,587     1 
256  Fri  2 Jan 2009  29 30 36 37 48 (01 06)  38,731,512     0 
255  Fri 26 Dec 2008  01 02 26 44 50 (01 07)  25,725,186     0 
254  Fri 19 Dec 2008  28 29 40 46 50 (05 07)  14,019,000     0 
253  Fri 12 Dec 2008  02 19 28 42 49 (02 07)   6,723,750     2 
252  Fri  5 Dec 2008  04 08 21 35 45 (05 08)  12,993,000     1 
251  Fri 28 Nov 2008  08 11 16 25 41 (02 04)  23,209,583     1 
250  Fri 21 Nov 2008  09 14 21 49 50 (03 08)  12,733,500     0 
249  Fri 14 Nov 2008  08 10 14 21 26 (03 04)  12,916,500     1 
248  Fri  7 Nov 2008  01 09 12 17 18 (03 04)  12,232,500     1 
247  Fri 31 Oct 2008  03 18 25 34 41 (02 05)  17,036,152     2 
246  Fri 24 Oct 2008  07 15 16 17 45 (06 09)  22,430,836     0 
245  Fri 17 Oct 2008  03 10 12 42 50 (01 05)  11,643,000     0 
244  Fri 10 Oct 2008  04 15 22 31 41 (01 06)  22,911,461     1 
243  Fri  3 Oct 2008  04 13 19 23 38 (02 03)  11,697,000     0 
242  Fri 26 Sep 2008  14 29 31 33 37 (01 02) 102,804,000     0 
241  Fri 19 Sep 2008  14 16 19 20 31 (06 09)  11,848,500     0 
240  Fri 12 Sep 2008  19 23 33 37 50 (03 07)  11,902,500     1 
239  Fri  5 Sep 2008  07 12 16 17 39 (03 08)  48,247,119     2 
238  Fri 29 Aug 2008  02 20 25 37 39 (05 08)  73,535,143     0 
237  Fri 22 Aug 2008  07 27 29 39 50 (05 07)  56,497,830     0 
236  Fri 15 Aug 2008  11 17 18 26 31 (05 06)  42,652,554     0 
235  Fri  8 Aug 2008  04 05 15 16 45 (04 07)  31,572,685     0 
234  Fri  1 Aug 2008  01 22 25 40 50 (01 08)  21,278,542     0 
233  Fri 25 Jul 2008  07 11 15 24 29 (02 07)  11,836,500     0 
232  Fri 18 Jul 2008  10 14 16 29 44 (05 06)  11,904,000     1 
231  Fri 11 Jul 2008  09 11 13 19 37 (03 04)  12,022,500     1 
230  Fri  4 Jul 2008  07 19 22 27 48 (05 07)  11,887,500     1 
229  Fri 27 Jun 2008  05 20 26 44 50 (05 07)  46,162,270     1 
228  Fri 20 Jun 2008  08 11 36 37 45 (03 05)  34,282,210     0 
227  Fri 13 Jun 2008  13 16 37 44 50 (01 09)  23,643,210     0 
226  Fri  6 Jun 2008  07 19 21 40 50 (02 09)  12,021,000     0 
225  Fri 30 May 2008  05 07 14 20 49 (02 08)  11,785,500     1 
224  Fri 23 May 2008  05 09 19 21 38 (01 07)   2,989,875     4 
223  Fri 16 May 2008  06 09 15 25 38 (04 09)  44,376,310     1 
222  Fri  9 May 2008  08 09 40 42 45 (06 07)  32,235,833     0 
221  Fri  2 May 2008  02 26 37 45 48 (04 08)  21,330,632     0 
220  Fri 25 Apr 2008  04 19 26 27 30 (03 08)  11,808,000     0 
219  Fri 18 Apr 2008  03 06 07 27 50 (05 09)  46,291,408     1 
218  Fri 11 Apr 2008  06 25 30 45 50 (05 07)  34,029,801     0 
217  Fri  4 Apr 2008  11 13 18 37 47 (01 06)  22,132,109     0 
216  Fri 28 Mar 2008  05 09 17 29 39 (03 06)  11,893,500     0 
215  Fri 21 Mar 2008  02 10 18 22 36 (04 06)  11,700,000     1 
214  Fri 14 Mar 2008  13 21 25 35 48 (04 08)  21,956,568     1 
213  Fri  7 Mar 2008  02 07 14 17 35 (01 06)  11,449,500     0 
212  Fri 29 Feb 2008  12 37 40 47 49 (02 09)  11,482,500     1 
211  Fri 22 Feb 2008  04 27 32 46 50 (08 09)  21,828,987     1 
210  Fri 15 Feb 2008  12 27 29 45 46 (04 07)  11,254,500     0 
209  Fri  8 Feb 2008  17 28 30 38 44 (01 04)  96,525,000     0 
208  Fri  1 Feb 2008  22 30 45 47 49 (04 09)  11,314,500     0 
207  Fri 25 Jan 2008  02 06 09 19 45 (07 08)  56,838,131     1 
206  Fri 18 Jan 2008  14 16 23 40 46 (04 08)  43,043,848     0 
205  Fri 11 Jan 2008  08 24 36 49 50 (04 08)  30,830,593     0 
204  Fri  4 Jan 2008  10 12 24 25 41 (03 05)  20,174,823     0 
203  Fri 28 Dec 2007  20 21 22 31 45 (07 09)  11,092,500     0 
202  Fri 21 Dec 2007  07 09 28 37 44 (06 07)  20,144,622     1 
201  Fri 14 Dec 2007  08 25 30 36 44 (03 04)  10,765,500     0 
200  Fri  7 Dec 2007  02 04 32 43 48 (01 07)  19,829,479     1 
199  Fri 30 Nov 2007  12 19 20 30 38 (07 09)  10,713,000     0 
198  Fri 23 Nov 2007  02 10 22 29 48 (03 09)  19,779,134     1 
197  Fri 16 Nov 2007  09 18 23 33 37 (01 08)  10,744,500     0 
196  Fri  9 Nov 2007  05 14 22 25 36 (05 06)   5,283,750     2 
195  Fri  2 Nov 2007  03 16 18 19 40 (01 02)  28,675,991     1 
194  Fri 26 Oct 2007  07 20 38 40 43 (01 08)  19,424,115     0 
193  Fri 19 Oct 2007  07 18 34 35 40 (07 08)  10,515,000     0 
192  Fri 12 Oct 2007  21 32 36 46 47 (03 04)   5,250,000     2 
191  Fri  5 Oct 2007  11 20 27 35 44 (02 05)   2,085,000     5 
190  Fri 28 Sep 2007  22 30 34 35 44 (04 05)  89,986,000     0 
189  Fri 21 Sep 2007  01 17 32 35 37 (01 08)  19,075,668     1 
188  Fri 14 Sep 2007  05 09 11 29 33 (07 09)  10,407,000     0 
187  Fri  7 Sep 2007  02 03 33 34 42 (03 05)  10,222,500     1 
186  Fri 31 Aug 2007  06 18 22 23 37 (05 06)  26,533,768     1 
185  Fri 24 Aug 2007  01 03 16 42 48 (02 03)  18,180,933     0 
184  Fri 17 Aug 2007  02 03 13 38 42 (07 08)  10,245,000     0 
183  Fri 10 Aug 2007  23 40 42 43 49 (02 06)  35,425,412     1 
182  Fri  3 Aug 2007  10 30 33 37 41 (01 08)  26,567,438     0 
181  Fri 27 Jul 2007  01 04 21 29 41 (07 08)  18,065,039     0 
180  Fri 20 Jul 2007  10 21 25 26 50 (04 09)  10,129,500     0 
179  Fri 13 Jul 2007  09 13 15 31 48 (03 06)  38,751,123     1 
178  Fri  6 Jul 2007  04 05 19 39 41 (08 09)  27,130,830     0 
177  Fri 29 Jun 2007  08 12 28 33 45 (01 03)  18,141,468     0 
176  Fri 22 Jun 2007  11 16 17 22 34 (05 06)  10,143,000     0 
175  Fri 15 Jun 2007  05 07 14 21 40 (03 08)  18,315,755     1 
174  Fri  8 Jun 2007  01 15 17 25 45 (02 08)  10,227,000     0 
173  Fri  1 Jun 2007  06 22 37 41 42 (06 09)  10,213,500     1 
172  Fri 25 May 2007  25 26 29 49 50 (07 08)  10,198,500     1 
171  Fri 18 May 2007  26 34 37 39 49 (02 06)  10,300,500     1 
170  Fri 11 May 2007  07 12 26 29 49 (02 06)  12,184,606     3 
169  Fri  4 May 2007  06 17 35 41 45 (01 05)  27,129,600     0 
168  Fri 27 Apr 2007  07 18 27 36 44 (01 02)  18,412,118     0 
167  Fri 20 Apr 2007  23 26 32 41 45 (03 07)  10,222,500     0 
166  Fri 13 Apr 2007  07 20 25 38 41 (03 07)  10,255,500     1 
165  Fri  6 Apr 2007  15 23 29 41 48 (03 06)  18,409,444     1 
164  Fri 30 Mar 2007  09 17 19 41 46 (01 08)  10,222,500     0 
163  Fri 23 Mar 2007  05 13 17 40 43 (01 03)  27,883,920     1 
162  Fri 16 Mar 2007  04 14 31 45 49 (04 09)  19,068,212     0 
161  Fri  9 Mar 2007  02 03 25 43 48 (06 09)  10,222,500     0 
160  Fri  2 Mar 2007  03 16 34 38 48 (05 08)  14,407,661     2 
159  Fri 23 Feb 2007  02 15 18 20 22 (02 05)  19,003,239     0 
158  Fri 16 Feb 2007  08 19 20 39 50 (06 09)  10,147,500     0 
157  Fri  9 Feb 2007  14 16 30 36 46 (02 08)  66,980,000     1 
156  Fri  2 Feb 2007  14 23 27 30 36 (01 06)  17,980,945     1 
155  Fri 26 Jan 2007  11 15 23 30 38 (04 09)   9,925,500     0 
154  Fri 19 Jan 2007  05 13 27 33 42 (02 04)   9,892,500     1 
153  Fri 12 Jan 2007  08 11 14 19 25 (03 05)   9,931,500     1 
152  Fri  5 Jan 2007  17 19 29 36 45 (05 06)  26,508,665     2 
151  Fri 29 Dec 2006  06 09 13 14 35 (03 04)  45,347,820     0 
150  Fri 22 Dec 2006  09 11 20 38 43 (02 03)  35,802,728     0 
149  Fri 15 Dec 2006  09 23 35 37 42 (03 07)  26,717,930     0 
148  Fri  8 Dec 2006  16 17 18 36 47 (01 02)  18,316,018     0 
147  Fri  1 Dec 2006  04 08 16 37 41 (02 05)  10,155,000     0 
146  Fri 24 Nov 2006  05 08 17 25 40 (01 05)   5,061,750     2 
145  Fri 17 Nov 2006  12 22 32 33 36 (02 06)   6,750,278    20 
144  Fri 10 Nov 2006  14 21 27 30 36 (02 03) 103,732,783     0 
143  Fri  3 Nov 2006  11 13 24 44 49 (03 09)  88,344,099     0 
142  Fri 27 Oct 2006  03 04 08 44 50 (07 08)  76,340,225     0 
141  Fri 20 Oct 2006  10 19 34 45 47 (03 06)  65,142,684     0 
140  Fri 13 Oct 2006  02 25 32 38 41 (03 05)  56,070,560     0 
139  Fri  6 Oct 2006  05 11 22 35 38 (07 08)  46,854,371     0 
138  Fri 29 Sep 2006  01 03 06 18 24 (05 08)  40,239,985     0 
137  Fri 22 Sep 2006  10 29 30 45 49 (03 08)  31,939,763     0 
136  Fri 15 Sep 2006  06 10 16 26 49 (07 09)  24,337,182     0 
135  Fri  8 Sep 2006  01 10 12 32 33 (01 08)  17,240,142     0 
134  Fri  1 Sep 2006  03 07 25 45 50 (06 09)  10,155,000     0 
133  Fri 25 Aug 2006  10 28 40 47 48 (06 08)  39,013,160     1 
132  Fri 18 Aug 2006  12 37 39 40 50 (01 02)  31,392,520     0 
131  Fri 11 Aug 2006  27 28 31 46 47 (02 05)  23,807,666     0 
130  Fri  4 Aug 2006  01 14 15 26 32 (03 07)  16,954,778     0 
129  Fri 28 Jul 2006  03 08 12 29 43 (06 07)  10,326,000     0 
128  Fri 21 Jul 2006  02 04 09 38 50 (06 08)  17,191,693     1 
127  Fri 14 Jul 2006  01 07 17 31 36 (02 08)  10,374,000     0 
126  Fri  7 Jul 2006  07 09 18 35 43 (05 07)  23,809,497     2 
125  Fri 30 Jun 2006  06 15 16 40 43 (01 02)  40,812,950     0 
124  Fri 23 Jun 2006  09 21 30 43 44 (01 09)  32,403,049     0 
123  Fri 16 Jun 2006  01 16 26 30 36 (03 09)  24,499,898     0 
122  Fri  9 Jun 2006  03 12 15 34 39 (04 06)  17,366,509     0 
121  Fri  2 Jun 2006  07 08 27 41 48 (01 06)  10,335,000     0 
120  Fri 26 May 2006  02 12 21 41 49 (03 07)   5,163,000     2 
119  Fri 19 May 2006  03 05 25 34 49 (05 08)  10,137,000     1 
118  Fri 12 May 2006  05 20 23 34 50 (01 05)   8,794,649     2 
117  Fri  5 May 2006  04 08 14 16 50 (03 09)  10,320,000     0 
116  Fri 28 Apr 2006  05 10 17 22 33 (05 07)   4,492,567     4 
115  Fri 21 Apr 2006  01 20 22 37 46 (01 09)  10,440,000     0 
114  Fri 14 Apr 2006  16 26 34 35 49 (02 06)  17,804,198     1 
113  Fri  7 Apr 2006  12 13 29 44 50 (04 05)  10,485,000     0 
112  Fri 31 Mar 2006  03 20 31 45 50 (06 07)  53,102,939     1 
111  Fri 24 Mar 2006  17 28 33 35 47 (04 09)  45,191,782     0 
110  Fri 17 Mar 2006  05 32 44 45 50 (01 07)  36,196,725     0 
109  Fri 10 Mar 2006  01 21 33 45 49 (04 08)  26,351,576     0 
108  Fri  3 Mar 2006  03 05 08 10 44 (03 05)  18,470,476     0 
107  Fri 24 Feb 2006  01 11 18 19 47 (03 07)  10,255,500     0 
106  Fri 17 Feb 2006  04 23 24 26 38 (02 04)  19,180,108     1 
105  Fri 10 Feb 2006  05 06 38 48 50 (06 07)  10,296,000     0 
104  Fri  3 Feb 2006  09 21 30 39 50 (01 03)  42,019,877     3 
103  Fri 27 Jan 2006  09 15 21 40 49 (01 04) 105,412,292     0 
102  Fri 20 Jan 2006  12 15 33 44 50 (02 06)  87,820,908     0 
101  Fri 13 Jan 2006  08 12 19 33 34 (01 06)  73,898,698     0 
100  Fri  6 Jan 2006  02 06 09 14 26 (04 05)  61,801,800     0 
 99  Fri 30 Dec 2005  08 16 19 43 45 (01 04)  53,342,474     0 
 98  Fri 23 Dec 2005  15 31 36 37 42 (01 07)  45,483,082     0 
 97  Fri 16 Dec 2005  02 03 15 18 32 (06 07)  38,305,717     0 
 96  Fri  9 Dec 2005  11 18 35 38 42 (01 05)  30,453,067     0 
 95  Fri  2 Dec 2005  01 09 20 23 30 (04 07)  23,443,437     0 
 94  Fri 25 Nov 2005  01 06 27 39 47 (01 06)  16,846,594     0 
 93  Fri 18 Nov 2005  17 18 25 34 48 (02 03)  10,312,500     0 
 92  Fri 11 Nov 2005  15 16 36 41 42 (03 05)  30,453,995     1 
 91  Fri  4 Nov 2005  26 36 37 38 42 (02 06)  23,432,048     0 
 90  Fri 28 Oct 2005  14 36 44 47 50 (03 05)  16,727,964     0 
 89  Fri 21 Oct 2005  01 14 19 29 33 (01 08)  10,143,000     0 
 88  Fri 14 Oct 2005  10 11 19 20 23 (01 06)  10,215,000     1 
 87  Fri  7 Oct 2005  02 13 21 26 44 (03 09)   5,167,500     2 
 86  Fri 30 Sep 2005  06 11 47 48 50 (01 06)   4,255,018     4 
 85  Fri 23 Sep 2005  01 26 31 34 47 (04 09)  10,200,000     0 
 84  Fri 16 Sep 2005  12 13 19 21 38 (03 09)  51,513,123     1 
 83  Fri  9 Sep 2005  08 12 19 31 50 (06 07)  44,899,448     0 
 82  Fri  2 Sep 2005  03 04 14 43 50 (03 06)  39,270,421     0 
 81  Fri 26 Aug 2005  09 29 35 40 41 (01 06)  31,534,575     0 
 80  Fri 19 Aug 2005  11 24 29 31 41 (01 03)  24,045,393     0 
 79  Fri 12 Aug 2005  15 23 30 37 40 (07 09)  17,327,035     0 
 78  Fri 05 Aug 2005  02 11 21 22 30 (04 06)  10,443,000     0 
 77  Fri 29 Jul 2005  03 19 26 49 50 (04 05)  79,881,799     1 
 76  Fri 22 Jul 2005  03 14 41 48 49 (01 04)  67,927,336     0 
 75  Fri 15 Jul 2005  01 11 12 23 42 (03 06)  57,176,654     0 
 74  Fri 08 Jul 2005  35 36 42 46 49 (02 08)  48,784,765     0 
 73  Fri 01 Jul 2005  04 05 23 25 28 (03 04)  40,827,016     0 
 72  Fri 24 Jun 2005  06 08 14 15 45 (07 08)  34,370,581     0 
 71  Fri 17 Jun 2005  04 08 10 18 21 (01 07)  28,094,862     0 
 70  Fri 10 Jun 2005  06 07 32 37 47 (01 07)  21,734,699     0 
 69  Fri 03 Jun 2005  03 08 11 17 50 (01 05)  15,902,687     0 
 68  Fri 27 May 2005  02 24 31 48 50 (04 09)  10,402,500     0 
 67  Fri 20 May 2005  06 07 13 28 47 (05 08)  29,611,179     1 
 66  Fri 13 May 2005  12 17 31 32 40 (02 09)  22,628,469     0 
 65  Fri 06 May 2005  07 12 21 26 44 (06 08)  15,917,412     0 
 64  Fri 29 Apr 2005  03 09 35 39 42 (01 08)  10,155,000     0 
 63  Fri 22 Apr 2005  03 10 13 24 47 (05 09)   8,128,286     2 
 62  Fri 15 Apr 2005  06 28 31 38 42 (03 09)  10,278,000     0 
 61  Fri 08 Apr 2005  07 11 25 31 50 (01 03)  43,951,166     1 
 60  Fri 01 Apr 2005  25 26 41 44 47 (03 07)  36,934,606     0 
 59  Fri 25 Mar 2005  04 29 33 37 38 (06 09)  31,323,139     0 
 58  Fri 18 Mar 2005  06 23 39 43 48 (05 07)  24,623,504     0 
 57  Fri 11 Mar 2005  08 12 23 40 43 (01 04)  18,499,838     0 
 56  Fri 04 Mar 2005  12 24 32 37 39 (07 09)  12,348,100     0 
 55  Fri 25 Feb 2005  03 27 30 43 44 (04 08)   6,907,000     0 
 54  Fri 18 Feb 2005  20 21 26 32 46 (08 09)   6,903,000     1 
 53  Fri 11 Feb 2005  11 13 25 32 50 (04 07)  23,978,705     1 
 52  Fri 04 Feb 2005  01 08 11 30 40 (07 08)  17,823,072     0 
 51  Fri 28 Jan 2005  07 21 26 43 45 (05 07)  12,275,202     0 
 50  Fri 21 Jan 2005  10 12 14 24 26 (05 08)   6,970,000     0 
 49  Fri 14 Jan 2005  06 11 14 19 29 (01 03)   9,148,089     2 
 48  Fri 07 Jan 2005  03 23 27 47 50 (02 03)  12,408,063     0 
 47  Fri 31 Dec 2004  07 08 24 25 47 (08 09)   7,074,000     0 
 46  Fri 24 Dec 2004  03 04 27 29 37 (05 06)   7,037,000     1 
 45  Fri 17 Dec 2004  15 19 22 46 49 (02 09)  17,973,434     1 
 44  Fri 10 Dec 2004  01 03 13 16 43 (02 07)  12,388,642     0 
 43  Fri 03 Dec 2004  01 11 15 42 49 (03 04)   6,945,000     0 
 42  Fri 26 Nov 2004  01 04 24 34 36 (06 08)  30,738,943     1 
 41  Fri 19 Nov 2004  01 18 29 34 37 (02 06)  23,523,322     0 
 40  Fri 12 Nov 2004  04 11 12 13 32 (03 09)  17,364,782     0 
 39  Fri 05 Nov 2004  06 19 25 42 49 (01 07)  12,066,841     0 
 38  Fri 29 Oct 2004  01 08 32 35 38 (04 09)   6,967,000     0 
 37  Fri 22 Oct 2004  01 09 23 25 40 (03 09)  17,398,554     1 
 36  Fri 15 Oct 2004  14 21 22 37 43 (05 08)  11,885,938     0 
 35  Fri 08 Oct 2004  01 10 12 16 48 (02 06)   6,950,000     0 
 34  Fri 01 Oct 2004  12 20 21 45 48 (05 06)  20,656,084     1 
 33  Fri 24 Sep 2004  21 26 27 44 48 (01 07)  17,853,153     0 
 32  Fri 17 Sep 2004  15 18 29 39 41 (05 08)  15,652,287     0 
 31  Fri 10 Sep 2004  05 25 33 36 38 (02 05)  13,705,824     0 
 30  Fri 03 Sep 2004  08 12 14 15 34 (06 07)  11,745,718     0 
 29  Fri 27 Aug 2004  01 11 22 28 44 (01 09)   9,880,576     0 
 28  Fri 20 Aug 2004  06 09 10 27 35 (06 08)   8,372,421     0 
 27  Fri 13 Aug 2004  20 27 41 43 50 (05 08)   6,740,000     0 
 26  Fri 06 Aug 2004  05 15 24 35 44 (05 06)  16,568,021     1 
 25  Fri 30 Jul 2004  09 10 19 37 50 (01 06)  14,603,161     0 
 24  Fri 23 Jul 2004  07 10 27 31 34 (03 08)  12,787,495     0 
 23  Fri 16 Jul 2004  24 26 31 38 50 (05 08)  11,275,186     0 
 22  Fri 09 Jul 2004  02 05 12 19 44 (08 09)   9,720,341     0 
 21  Fri 02 Jul 2004  04 23 24 28 34 (01 03)   8,214,347     0 
 20  Fri 25 Jun 2004  03 21 30 34 35 (01 02)   6,685,000     0 
 19  Fri 18 Jun 2004  02 23 28 40 43 (02 06)   8,140,055     1 
 18  Fri 11 Jun 2004  02 07 08 10 47 (01 07)   6,580,000     0 
 17  Fri 04 Jun 2004  09 13 34 41 42 (03 07)   8,735,476     1 
 16  Fri 28 May 2004  06 11 35 41 44 (05 06)   6,712,000     0 
 15  Fri 21 May 2004  15 29 37 39 49 (04 09)   6,712,000     1 
 14  Fri 14 May 2004  01 03 21 32 39 (02 06)  22,849,563     1 
 13  Fri 07 May 2004  15 16 21 36 38 (01 05)  19,983,000     0 
 12  Fri 30 Apr 2004  05 06 16 23 27 (06 07)  16,887,500     0 
 11  Fri 23 Apr 2004  06 10 21 45 49 (03 05)  13,390,000     0 
 10  Fri 16 Apr 2004  14 15 28 35 40 (01 03)  10,027,500     0 
  9  Fri 09 Apr 2004  01 04 10 19 23 (02 08)  16,752,145     1 
  8  Fri 02 Apr 2004  04 12 24 27 36 (02 09)  15,183,435     0 
  7  Fri 26 Mar 2004  03 04 10 23 43 (02 04)  13,451,480     0 
  6  Fri 19 Mar 2004  33 36 37 42 45 (04 09)  11,696,661     0 
  5  Fri 12 Mar 2004  15 24 28 44 47 (04 05)  10,171,500     0 
  4  Fri 05 Mar 2004  04 07 33 37 39 (01 05)  13,870,849     1 
  3  Fri 27 Feb 2004  14 18 19 31 37 (04 05)  11,880,304     0 
  2  Fri 20 Feb 2004  07 13 39 47 50 (02 05)  10,111,500     0 
  1  Fri 13 Feb 2004  16 29 32 36 41 (07 09)  10,143,000     1 